0  0  0
0  0  0
0  0  0
0  0  0
0  0  0
0  0  0
0  0  0
0  0  0
0  0  0
0  0  0
0  0  0
0  0  0
0  0  0
0  0  0
0  0  0
0  0  0
0  0  0
0  0  0
0  0  0
0  0  0
0  0  0
0  0  0
0  0  0
0  0  0
0  0  0
0  0  0
0  0  0
0  0  0
0  0  0
0  0  0
0  0  0
0  0  0
0  0  0
0  0  0
0  0  0
0  -0  -0
-155.159  14.2483  63.7188
-108.742  8.50751  43.9005
-67.2484  4.23337  26.2947
-35.1403  1.70248  13.1623
-13.6167  0.553357  4.94981
-4.00198  0.0659279  1.34434
-6.40431  -0.0419837  2.02526
-0.889925  -0.0071575  0.264289
24.3327  -0.561212  -19.56
0.375061  0.0323039  -0.188189
0  -0  -0
0  0  0
0  0  0
0  0  0
0  0  0
-95.6332  1.88137  23.1358
-86.7483  2.19123  19.7607
-67.3602  1.34565  14.3225
-39.7391  0.293068  7.81388
0  0  0
0  0  0
-0  -0  -0
0  -0  -0
0  0  0
0  0  0
0  0  0
0  0  0
0  0  0
0  0  0
0  0  0
0  0  0
0  0  0
0  0  0
0  0  0
-153.373  3.89313  2.84295
-69.4641  7.57117  5.85224
-26.9516  1.80897  11.0902
-11.3493  0.631369  4.66628
-5.43019  0.256373  2.22307
-5.60461  0.0805902  2.3527
0  0  0
0  0  0
0  0  0
0  0  0
0  0  0
0  0  0
0  0  0
0  0  0
0  0  0
0  0  0
0  0  0
0  0  0
0  0  0
-42.4345  2.74647  17.7278
-76.8341  8.67978  33.118
0  0  0
-48.4048  3.48253  23.2246
-39.3749  2.03473  19.2791
-32.4921  0.925497  15.8577
0  0  0
-17.0117  -0.0212851  8.52147
0  0  0
0  0  0
0  0  0
0  0  0
0  0  0
-11.135  0.0255352  6.12675
1.95602  0.678572  -0.640856
-25.4528  0.534314  14.4577
-19.1677  0.34497  11.0306
-17.6004  0.235555  10.2777
-13.8617  0.0958618  8.21086
-11.9689  0.0408032  7.19146
-10.3995  0.0135474  6.33155
0  0  0
0  0  0
0  0  0
0  0  0
0  0  0
-47.4205  5.08545  31.0133
0  0  0
-39.941  4.25314  26.8966
0  0  0
-30.2456  3.21014  20.7345
0  0  0
0  0  0
0  0  0
0  0  0
0  0  0
-36.411  5.48827  24.9623
0  0  0
-32.8482  6.91738  19.3751
-27.7597  6.00408  15.7423
0  0  0
-23.8105  3.67336  7.77288
0  0  0
0  0  0
0  0  0
0  0  0
-34.1338  3.52731  9.81271
0  0  0
-31.0996  4.30666  9.77749
0  0  0
-26.8115  3.85927  8.56932
0  0  0
0  0  0
-27.6963  3.30231  8.31067
0  0  0
0  0  0
-30.0386  3.54953  9.04843
0  0  0
-28.4597  3.94348  9.05007
0  0  0
0  0  0
-28.6378  3.22871  8.57838
0  0  0
0  0  0
-30.5347  3.31931  9.1339
0  0  0
-28.8151  3.59503  8.95844
0  0  0
-25.7366  3.06602  7.88974
0  0  0
0  0  0
0  0  0
-31.8079  2.87438  9.26566
0  0  0
-29.866  3.12882  8.95956
0  0  0
0  0  0
-29.1696  2.43815  8.46079
0  0  0
-27.9689  2.63026  8.25744
0  0  0
0  0  0
-28.2841  2.16141  8.13132
0  0  0
0  0  0
-30.2872  2.2935  8.73912
0  0  0
-28.8775  2.26276  8.36945
0  0  0
0  0  0
0  0  0
-32.9117  2.44273  9.55259
0  0  0
-30.7682  2.32632  8.96924
0  0  0
-26.4748  1.90841  7.66366
0  0  0
0  0  0
-27.2928  1.87679  7.83724
0  0  0
-27.3115  1.89333  7.81857
0  0  0
0  0  0
0  0  0
-32.5941  2.26351  9.34863
0  0  0
-30.8199  2.17347  8.85613
0  0  0
-26.7786  1.81843  7.64029
0  0  0
0  0  0
0  0  0
0  0  0
0  0  0
-42.0701  3.01773  12.2927
-37.1281  5.0307  12.1839
0  0  0
2.52898  0.034483  -2.55784
-26.7978  1.79296  7.7621
0  0  0
0.867337  0.0837032  -1.22761
-31.1517  2.10716  9.04775
0  0  0
-30.2737  2.16411  8.83426
-11.1452  2.50451  5.73836
-24.2334  -3.54991  8.15073
0  0  0
0  0  0
0  0  0
0  0  0
0  0  0
0  0  0
0  -0  -0
-46.8215  3.22956  13.7408
-0  -0  -0
-39.8926  2.72552  11.7942
-31.6768  2.64328  9.50578
-9.00914  1.58691  1.13603
-23.4192  1.38637  6.40988
-16.9199  1.35948  4.94363
0  0  0
0  0  0
0  0  0
0  0  0
0  0  0
0  0  0
0  0  0
-41.3894  2.85501  11.9124
0  0  0
-36.1378  2.46308  10.448
0  0  0
-29.2298  1.84126  8.38094
0  0  0
-25.6696  1.507  7.27585
0  0  0
0  0  0
0  0  0
0  0  0
-36.453  2.3465  10.4143
0  0  0
-33.1193  2.10543  9.46199
0  0  0
-27.7936  1.6513  7.86474
0  0  0
0  0  0
-27.9734  1.62942  7.84738
0  0  0
0  0  0
0  0  0
-35.008  2.19672  9.88963
0  0  0
-32.3101  2.01553  9.11852
0  0  0
-27.4725  1.62139  7.68047
0  0  0
0  0  0
0  0  0
-32.6351  2.01381  9.11326
0  0  0
0  0  0
-33.1415  2.08397  9.29019
0  0  0
-30.9347  1.94425  8.65454
0  0  0
0  0  0
-29.5577  1.81914  8.22635
0  0  0
0  0  0
-31.3214  1.9837  8.7309
0  0  0
-29.8102  1.91338  8.29625
0  0  0
0  0  0
0  0  0
-33.7526  2.22198  9.42478
0  0  0
-31.5537  2.12313  8.82699
0  0  0
0  0  0
-29.7697  1.95863  8.30247
0  0  0
0  0  0
-31.4068  2.11906  8.7935
0  0  0
-29.8249  2.05976  8.35829
0  0  0
0  0  0
-29.01  1.96872  8.10565
0  0  0
0  0  0
-30.9446  2.15565  8.68535
0  0  0
0  0  0
-31.9559  2.26719  9.02687
0  0  0
-30.1073  2.19179  8.52849
0  0  0
0  0  0
-29.0512  2.05192  8.2072
0  0  0
0  0  0
-30.8851  2.21949  8.76994
0  0  0
-29.3957  2.17045  8.3693
0  0  0
0  0  0
-28.6941  2.04665  8.14259
0  0  0
0  0  0
-30.6414  2.2147  8.73642
0  0  0
-29.2102  2.1601  8.34705
0  0  0
0  0  0
0  0  0
-33.1685  2.40247  9.51643
0  0  0
-31.0075  2.30097  8.936
0  0  0
-26.6668  1.90778  7.63826
0  0  0
0  0  0
0  0  0
-31.9377  2.25894  9.15805
0  0  0
-30.2198  2.17388  8.68612
0  0  0
0  0  0
-28.931  1.99108  8.28235
0  0  0
0  0  0
-30.7032  2.12102  8.81596
0  0  0
-29.2235  2.02073  8.38445
0  0  0
0  0  0
-28.5273  1.901  8.14561
0  0  0
0  0  0
-30.4969  2.04773  8.72534
0  0  0
-29.1105  1.95034  8.31382
0  0  0
0  0  0
0  0  0
-33.1117  2.21672  9.48032
0  0  0
-30.9963  2.07337  8.87572
0  0  0
0  0  0
-29.3118  1.87907  8.35216
0  0  0
0  0  0
-30.9745  2.00013  8.83748
0  0  0
-29.4534  1.88838  8.38021
0  0  0
0  0  0
0  0  0
-33.34  2.15828  9.50377
0  0  0
-31.1916  2.01167  8.88402
0  0  0
-26.8304  1.64116  7.57277
0  0  0
0  0  0
0  0  0
0  0  0
-36.9844  2.42813  10.5354
0  0  0
-33.4751  2.19039  9.55011
0  0  0
-27.9876  1.72563  7.91677
0  0  0
-25.1511  1.47651  7.03688
0  0  0
0  0  0
0  0  0
0  0  0
-36.413  2.37352  10.2747
0  0  0
-33.1479  2.169  9.36781
0  0  0
-27.8665  1.73328  7.81146
0  0  0
0  0  0
0  0  0
-32.7441  2.0968  9.18077
0  0  0
-30.8873  2.00329  8.65851
0  0  0
0  0  0
0  0  0
-34.1134  2.24017  9.59653
0  0  0
-31.7601  2.11391  8.94591
0  0  0
-27.1917  1.74723  7.60386
0  0  0
0  0  0
0  0  0
-32.4609  2.14876  9.08845
0  0  0
-30.6994  2.07867  8.60699
0  0  0
0  0  0
0  0  0
-34.005  2.31622  9.57817
0  0  0
-31.6691  2.20608  8.94724
0  0  0
-27.1176  1.83673  7.61562
0  0  0
0  0  0
0  0  0
-32.3652  2.22481  9.10717
0  0  0
-30.5945  2.16487  8.63447
0  0  0
0  0  0
0  0  0
-33.8775  2.38196  9.61036
0  0  0
-31.5385  2.27566  8.98445
0  0  0
-27.0051  1.89319  7.65036
0  0  0
0  0  0
0  0  0
-32.2187  2.26115  9.14427
0  0  0
-30.4595  2.19545  8.67314
0  0  0
0  0  0
-29.1232  2.02476  8.26636
0  0  0
0  0  0
-30.8828  2.17136  8.80179
0  0  0
-29.3801  2.09522  8.3808
0  0  0
0  0  0
-28.6544  1.97545  8.14233
0  0  0
0  0  0
-30.6068  2.13451  8.72732
0  0  0
-29.1959  2.05792  8.32673
0  0  0
0  0  0
0  0  0
-33.1663  2.31615  9.49353
0  0  0
-31.025  2.19394  8.90157
0  0  0
-26.6878  1.80935  7.60275
0  0  0
0  0  0
0  0  0
-31.9971  2.17933  9.12299
0  0  0
-30.2885  2.08382  8.64302
0  0  0
0  0  0
0  0  0
-33.6029  2.28892  9.62351
0  0  0
-31.3155  2.14094  8.97909
0  0  0
-26.8394  1.7482  7.63514
0  0  0
0  0  0
0  0  0
-32.0922  2.12048  9.13236
0  0  0
-30.3714  2.01604  8.63985
0  0  0
0  0  0
0  0  0
-33.692  2.23227  9.61306
0  0  0
-31.404  2.08101  8.96242
0  0  0
-26.9239  1.69591  7.61911
0  0  0
0  0  0
0  0  0
-32.2005  2.0807  9.11184
0  0  0
0  0  0
-32.7646  2.13988  9.3154
0  0  0
-31.4416  1.70899  8.82214
0  0  0
0  0  0
-29.7549  1.55967  8.3048
0  0  0
0  0  0
-31.3426  1.68802  8.75291
0  0  0
0  0  0
-32.193  1.76257  9.00756
0  0  0
-30.3067  1.6224  8.44875
0  0  0
0  0  0
0  0  0
-33.8629  1.90388  9.47131
0  0  0
-31.5783  1.74202  8.81637
0  0  0
0  0  0
-29.738  1.5969  8.26745
0  0  0
0  0  0
-31.343  1.73213  8.72722
0  0  0
0  0  0
-32.1922  1.81197  8.99093
0  0  0
-30.2943  1.67829  8.43845
0  0  0
0  0  0
0  0  0
-33.8377  1.95876  9.47016
0  0  0
-31.5407  1.80178  8.82074
0  0  0
0  0  0
-29.6853  1.64997  8.27572
0  0  0
0  0  0
-31.2762  1.7841  8.74269
0  0  0
0  0  0
-32.1099  1.86083  9.01245
0  0  0
-30.2036  1.72484  8.46095
0  0  0
0  0  0
0  0  0
-33.7208  1.9955  9.49944
0  0  0
-31.4278  1.83473  8.8512
0  0  0
-26.9514  1.47434  7.53065
0  0  0
0  0  0
0  0  0
0  0  0
-36.9811  2.26336  10.4794
0  0  0
-33.4103  2.00517  9.48402
0  0  0
-27.9072  1.55052  7.86196
0  0  0
0  0  0
0  0  0
-32.568  1.89816  9.20452
0  0  0
-30.6671  1.75911  8.65616
0  0  0
0  0  0
-29.2122  1.62695  8.21645
0  0  0
0  0  0
-30.9367  1.75892  8.71985
0  0  0
0  0  0
-31.8506  1.82864  9.00736
0  0  0
-29.9958  1.68173  8.4593
0  0  0
0  0  0
0  0  0
-33.5579  1.94646  9.50578
0  0  0
-31.2989  1.77236  8.85294
0  0  0
0  0  0
-29.4875  1.61029  8.307
0  0  0
0  0  0
-31.0909  1.72963  8.77136
0  0  0
-29.5407  1.60493  8.30255
0  0  0
0  0  0
0  0  0
-33.3981  1.89788  9.41834
0  0  0
-31.2184  1.72946  8.78505
0  0  0
0  0  0
0  0  0
-34.0974  1.9417  9.63393
0  0  0
-31.6731  1.7542  8.93204
0  0  0
0  0  0
-29.6935  1.58501  8.33545
0  0  0
0  0  0
-31.2516  1.70333  8.78004
0  0  0
-29.6741  1.57967  8.30226
0  0  0
0  0  0
0  0  0
-33.5255  1.87788  9.40596
0  0  0
-31.3336  1.71334  8.7704
0  0  0
0  0  0
0  0  0
-34.2162  1.93332  9.6136
0  0  0
-31.781  1.75181  8.91268
0  0  0
0  0  0
-29.7885  1.58861  8.3163
0  0  0
0  0  0
-31.3425  1.71318  8.75959
0  0  0
0  0  0
-32.172  1.78467  9.01264
0  0  0
-30.2728  1.64304  8.4524
0  0  0
0  0  0
0  0  0
-33.8143  1.92027  9.47643
0  0  0
-31.5287  1.75645  8.8218
0  0  0
0  0  0
-29.6874  1.60694  8.27303
0  0  0
0  0  0
-31.2898  1.73897  8.7343
0  0  0
0  0  0
-32.1383  1.81519  8.99888
0  0  0
-30.2442  1.67771  8.44539
0  0  0
0  0  0
0  0  0
-33.7837  1.95411  9.47735
0  0  0
-31.4942  1.79294  8.8266
0  0  0
0  0  0
-29.6471  1.63899  8.28064
0  0  0
0  0  0
-31.2407  1.76978  8.74628
0  0  0
0  0  0
-32.0793  1.84346  9.01414
0  0  0
-30.1811  1.70396  8.46099
0  0  0
0  0  0
0  0  0
-33.7069  1.97417  9.49756
0  0  0
-31.4207  1.81006  8.84703
0  0  0
0  0  0
-29.5748  1.64996  8.30044
0  0  0
0  0  0
-31.1639  1.7759  8.76787
0  0  0
-29.5905  1.65887  8.30197
0  0  0
0  0  0
0  0  0
-33.429  1.95267  9.42296
0  0  0
-31.2313  1.79152  8.79457
0  0  0
0  0  0
-29.4784  1.63705  8.27223
0  0  0
0  0  0
-31.1007  1.76323  8.7465
0  0  0
0  0  0
-31.9612  1.83092  9.01849
0  0  0
-30.0789  1.68416  8.46408
0  0  0
0  0  0
0  0  0
-33.6157  1.94951  9.50192
0  0  0
-31.3452  1.77738  8.84808
0  0  0
0  0  0
-29.5229  1.6164  8.30104
0  0  0
0  0  0
-31.1223  1.7377  8.76486
0  0  0
0  0  0
-31.975  1.80248  9.02958
0  0  0
-30.0968  1.65302  8.47137
0  0  0
0  0  0
0  0  0
-33.6405  1.91992  9.50431
0  0  0
-31.3762  1.74616  8.84783
0  0  0
0  0  0
-29.5595  1.58942  8.29847
0  0  0
0  0  0
-31.1678  1.71217  8.75926
0  0  0
0  0  0
-32.0292  1.77942  9.02145
0  0  0
-30.1554  1.6321  8.46323
0  0  0
0  0  0
0  0  0
-33.7101  1.90418  9.49239
0  0  0
-31.4431  1.73323  8.83571
0  0  0
0  0  0
-29.624  1.5815  8.28623
0  0  0
0  0  0
-31.2352  1.70831  8.74544
0  0  0
0  0  0
-32.0977  1.78007  9.00725
0  0  0
-30.2177  1.63732  8.45046
0  0  0
0  0  0
0  0  0
-33.774  1.91371  9.47859
0  0  0
-31.4971  1.74771  8.82389
0  0  0
0  0  0
-29.667  1.59786  8.27575
0  0  0
0  0  0
-31.2734  1.72833  8.73639
0  0  0
0  0  0
-32.1264  1.8032  8.9998
0  0  0
-30.2372  1.6641  8.44535
0  0  0
0  0  0
0  0  0
-33.7827  1.9407  9.47578
0  0  0
-31.4987  1.77813  8.82413
0  0  0
0  0  0
-29.6547  1.62562  8.27705
0  0  0
0  0  0
-31.2532  1.75649  8.74112
0  0  0
0  0  0
-32.0973  1.83077  9.00767
0  0  0
-30.2012  1.6916  8.45409
0  0  0
0  0  0
0  0  0
-33.7344  1.96408  9.4887
0  0  0
-31.4477  1.80071  8.83785
0  0  0
0  0  0
-29.602  1.64311  8.29126
0  0  0
0  0  0
-31.1937  1.77078  8.75749
0  0  0
0  0  0
-32.0345  1.84121  9.0257
0  0  0
-30.1391  1.69833  8.4708
0  0  0
0  0  0
0  0  0
-33.6648  1.96558  9.50769
0  0  0
-31.3859  1.79796  8.85544
0  0  0
-26.9291  1.43674  7.53325
0  0  0
0  0  0
0  0  0
0  0  0
-36.9679  2.22334  10.476
0  0  0
-33.4109  1.96005  9.47661
0  0  0
-27.9234  1.50835  7.85521
0  0  0
0  0  0
0  0  0
-32.6022  1.8595  9.19237
0  0  0
-30.7087  1.71853  8.64124
0  0  0
0  0  0
0  0  0
-33.8741  1.95525  9.57437
0  0  0
-31.5236  1.77696  8.89721
0  0  0
-27.0022  1.41062  7.55273
0  0  0
0  0  0
0  0  0
0  0  0
-37.0168  2.19374  10.4792
0  0  0
-33.4555  1.92725  9.47411
0  0  0
-27.9638  1.47826  7.85053
0  0  0
0  0  0
0  0  0
-32.656  1.83281  9.18249
0  0  0
-30.7627  1.69181  8.62902
0  0  0
0  0  0
0  0  0
-33.9395  1.93366  9.55743
0  0  0
-31.5875  1.75722  8.87954
0  0  0
0  0  0
-29.6801  1.597  8.30717
0  0  0
0  0  0
-31.2603  1.72141  8.76023
0  0  0
0  0  0
-32.1014  1.79119  9.01844
0  0  0
-30.2131  1.6477  8.45998
0  0  0
0  0  0
0  0  0
-33.7559  1.92142  9.48741
0  0  0
-31.4793  1.75492  8.83272
0  0  0
0  0  0
-29.6448  1.60292  8.28349
0  0  0
0  0  0
-31.2485  1.73191  8.74466
0  0  0
0  0  0
-32.1017  1.80508  9.00869
0  0  0
-30.2134  1.6644  8.45337
0  0  0
0  0  0
0  0  0
-33.7587  1.93887  9.48478
0  0  0
-31.4777  1.77485  8.83236
0  0  0
0  0  0
-29.6364  1.62093  8.28424
0  0  0
0  0  0
-31.2363  1.75032  8.74805
0  0  0
0  0  0
-32.0833  1.82328  9.01415
0  0  0
-30.1905  1.68262  8.45955
0  0  0
0  0  0
0  0  0
-33.7259  1.95465  9.49358
0  0  0
-31.4429  1.78986  8.84155
0  0  0
0  0  0
-29.6019  1.63297  8.29425
0  0  0
0  0  0
-31.1982  1.76035  8.75992
0  0  0
-29.6279  1.64458  8.2939
0  0  0
0  0  0
0  0  0
-33.4751  1.94186  9.41214
0  0  0
-31.2742  1.78255  8.78342
0  0  0
0  0  0
0  0  0
-34.1295  1.99501  9.63635
0  0  0
-31.6873  1.81474  8.93947
0  0  0
-27.0859  1.44213  7.57618
0  0  0
0  0  0
0  0  0
0  0  0
-37.0403  2.22207  10.4944
0  0  0
-33.4618  1.95717  9.48859
0  0  0
-27.9545  1.50475  7.86147
0  0  0
0  0  0
0  0  0
-32.6246  1.85597  9.19487
0  0  0
-30.7282  1.71526  8.64271
0  0  0
0  0  0
-29.2805  1.59005  8.2005
0  0  0
0  0  0
-31.0158  1.72519  8.69862
0  0  0
0  0  0
-31.9416  1.79963  8.98256
0  0  0
-30.0912  1.65698  8.43555
0  0  0
0  0  0
0  0  0
-33.6687  1.93001  9.4762
0  0  0
-31.401  1.7611  8.82391
0  0  0
0  0  0
0  0  0
-34.1929  1.96869  9.65313
0  0  0
-31.7384  1.78407  8.94786
0  0  0
-27.1205  1.41235  7.57739
0  0  0
0  0  0
0  0  0
0  0  0
-37.0915  2.19307  10.4878
0  0  0
-33.5135  1.92744  9.47932
0  0  0
-28.0031  1.4793  7.85256
0  0  0
0  0  0
0  0  0
-32.6885  1.83499  9.18161
0  0  0
-30.7915  1.69592  8.62842
0  0  0
0  0  0
0  0  0
-33.9664  1.93934  9.55671
0  0  0
-31.61  1.76506  8.87959
0  0  0
0  0  0
-29.6945  1.6052  8.30697
0  0  0
0  0  0
-31.2712  1.73119  8.76089
0  0  0
0  0  0
-32.1102  1.80215  9.02056
0  0  0
-30.2174  1.65977  8.46264
0  0  0
0  0  0
0  0  0
-33.7556  1.93329  9.49177
0  0  0
-31.475  1.76776  8.83779
0  0  0
0  0  0
-29.6356  1.61431  8.28874
0  0  0
0  0  0
-31.2366  1.74321  8.7518
0  0  0
-29.6702  1.6289  8.28583
0  0  0
0  0  0
0  0  0
-33.5241  1.92987  9.40066
0  0  0
-31.3237  1.77269  8.77231
0  0  0
0  0  0
0  0  0
-34.1859  1.98961  9.62369
0  0  0
-31.7388  1.81244  8.9275
0  0  0
0  0  0
-29.7307  1.64158  8.33377
0  0  0
0  0  0
-31.2682  1.76437  8.78376
0  0  0
-29.6726  1.64643  8.31042
0  0  0
0  0  0
0  0  0
-33.4921  1.94125  9.4213
0  0  0
-31.2862  1.78125  8.79053
0  0  0
0  0  0
-29.5271  1.62987  8.26638
0  0  0
0  0  0
-31.1498  1.75864  8.73882
0  0  0
0  0  0
-32.0094  1.82936  9.00986
0  0  0
-30.1242  1.68579  8.45645
0  0  0
0  0  0
0  0  0
-33.6618  1.95406  9.49291
0  0  0
-31.3868  1.78565  8.84082
0  0  0
0  0  0
-29.555  1.626  8.29378
0  0  0
0  0  0
-31.1546  1.75003  8.75896
0  0  0
0  0  0
-32.0013  1.81719  9.02453
0  0  0
-30.1169  1.67049  8.46781
0  0  0
0  0  0
0  0  0
-33.6531  1.93761  9.50163
0  0  0
-31.382  1.76637  8.8468
0  0  0
0  0  0
-29.5559  1.60793  8.29809
0  0  0
0  0  0
-31.1589  1.73126  8.76097
0  0  0
0  0  0
-32.0144  1.79845  9.0253
0  0  0
-30.1354  1.65147  8.4678
0  0  0
0  0  0
0  0  0
-33.68  1.92086  9.49931
0  0  0
-31.4128  1.75007  8.844
0  0  0
0  0  0
-29.5888  1.5947  8.29439
0  0  0
0  0  0
-31.1965  1.71978  8.75573
0  0  0
0  0  0
-32.0549  1.78921  9.01875
0  0  0
-30.1769  1.64436  8.46176
0  0  0
0  0  0
0  0  0
-33.7254  1.91704  9.49139
0  0  0
-31.4549  1.74878  8.83655
0  0  0
0  0  0
-29.6261  1.59594  8.287
0  0  0
0  0  0
-31.2336  1.72366  8.74823
0  0  0
0  0  0
-32.0897  1.79575  9.01147
0  0  0
-30.207  1.65373  8.45576
0  0  0
0  0  0
0  0  0
-33.7547  1.92828  9.48603
0  0  0
-31.4769  1.76292  8.83253
0  0  0
0  0  0
-29.6408  1.61015  8.284
0  0  0
0  0  0
-31.2443  1.73948  8.74671
0  0  0
0  0  0
-32.0938  1.81267  9.0115
0  0  0
-30.2052  1.67213  8.45687
0  0  0
0  0  0
0  0  0
-33.7442  1.94559  9.4891
0  0  0
-31.4632  1.7814  8.83711
0  0  0
0  0  0
-29.6224  1.62619  8.28938
0  0  0
0  0  0
-31.219  1.75476  8.75374
0  0  0
-29.6501  1.64019  8.28826
0  0  0
0  0  0
0  0  0
-33.499  1.93924  9.40494
0  0  0
-31.2964  1.78116  8.77655
0  0  0
0  0  0
0  0  0
-34.1541  1.99544  9.62916
0  0  0
-31.7095  1.81712  8.9333
0  0  0
0  0  0
-29.7018  1.64382  8.33916
0  0  0
0  0  0
-31.2399  1.76483  8.79009
0  0  0
-29.6456  1.64493  8.31601
0  0  0
0  0  0
0  0  0
-33.4633  1.93775  9.4275
0  0  0
-31.263  1.77586  8.7964
0  0  0
0  0  0
-29.5065  1.62318  8.27118
0  0  0
0  0  0
-31.131  1.75034  8.74324
0  0  0
0  0  0
-31.9931  1.81956  9.01342
0  0  0
-30.114  1.67435  8.45946
0  0  0
0  0  0
0  0  0
-33.6549  1.94243  9.49509
0  0  0
-31.3837  1.77246  8.8418
0  0  0
0  0  0
-29.5557  1.61375  8.29396
0  0  0
0  0  0
-31.1584  1.73746  8.75773
0  0  0
0  0  0
-32.0108  1.80473  9.02246
0  0  0
-30.1291  1.65787  8.46523
0  0  0
0  0  0
0  0  0
-33.6717  1.92662  9.49767
0  0  0
-31.4037  1.75582  8.84288
0  0  0
0  0  0
-29.5772  1.59937  8.29341
0  0  0
0  0  0
-31.1853  1.72395  8.75573
0  0  0
0  0  0
-32.0407  1.79259  9.0188
0  0  0
-30.1622  1.647  8.4618
0  0  0
0  0  0
0  0  0
-33.708  1.91852  9.49176
0  0  0
-31.4395  1.74932  8.83712
0  0  0
0  0  0
-29.6127  1.5956  8.28783
0  0  0
0  0  0
-31.2202  1.72237  8.74908
0  0  0
0  0  0
-32.0773  1.79348  9.01233
0  0  0
-30.1947  1.65036  8.45594
0  0  0
0  0  0
0  0  0
-33.7439  1.92425  9.48616
0  0  0
-31.4677  1.75771  8.83209
0  0  0
0  0  0
-29.6344  1.60489  8.28342
0  0  0
0  0  0
-31.2389  1.73356  8.74545
0  0  0
0  0  0
-32.0923  1.80631  9.01005
0  0  0
-30.2039  1.66507  8.45464
0  0  0
0  0  0
0  0  0
-33.7467  1.93891  9.48625
0  0  0
-31.4633  1.77339  8.83264
0  0  0
0  0  0
-29.6272  1.61938  8.28554
0  0  0
0  0  0
-31.2274  1.74816  8.74949
0  0  0
0  0  0
-32.0735  1.82043  9.01524
0  0  0
-30.183  1.67904  8.46056
0  0  0
0  0  0
0  0  0
-33.7185  1.95061  9.49435
0  0  0
-31.4386  1.78522  8.84237
0  0  0
0  0  0
-29.5985  1.62822  8.29463
0  0  0
0  0  0
-31.1949  1.75522  8.75976
0  0  0
-29.6267  1.63897  8.29359
0  0  0
0  0  0
0  0  0
-33.4747  1.93635  9.41124
0  0  0
-31.2777  1.77681  8.78282
0  0  0
0  0  0
0  0  0
-34.133  1.9896  9.6348
0  0  0
-31.6924  1.80928  8.93787
0  0  0
-27.0907  1.43696  7.5745
0  0  0
0  0  0
0  0  0
0  0  0
-37.0486  2.21752  10.4917
0  0  0
-33.4712  1.95304  9.48625
0  0  0
-27.9624  1.50108  7.85922
0  0  0
0  0  0
0  0  0
-32.634  1.85307  9.19204
0  0  0
-30.737  1.71286  8.63999
0  0  0
0  0  0
0  0  0
-33.9015  1.95118  9.57136
0  0  0
-31.5497  1.7743  8.89445
0  0  0
-27.0221  1.40919  7.54987
0  0  0
0  0  0
0  0  0
0  0  0
-37.0424  2.19415  10.4753
0  0  0
-33.4789  1.92972  9.47146
0  0  0
-27.9819  1.4815  7.84849
0  0  0
0  0  0
0  0  0
-32.6711  1.83714  9.17989
0  0  0
-30.776  1.69787  8.62758
0  0  0
0  0  0
0  0  0
-33.9502  1.94024  9.55655
0  0  0
-31.5962  1.76538  8.87995
0  0  0
0  0  0
-29.6821  1.60463  8.30751
0  0  0
0  0  0
-31.258  1.72979  8.76148
0  0  0
0  0  0
-32.0971  1.79982  9.02108
0  0  0
-30.2052  1.6564  8.46279
0  0  0
0  0  0
0  0  0
-33.7443  1.92934  9.49211
0  0  0
-31.4667  1.76287  8.83801
0  0  0
0  0  0
-29.6299  1.60916  8.28881
0  0  0
0  0  0
-31.2317  1.73745  8.75134
0  0  0
0  0  0
-32.0819  1.80966  9.01612
0  0  0
-30.1938  1.66801  8.46077
0  0  0
0  0  0
0  0  0
-33.7331  1.94085  9.49312
0  0  0
-31.4512  1.77452  8.83927
0  0  0
0  0  0
-29.6141  1.61964  8.29165
0  0  0
0  0  0
-31.2138  1.74761  8.75607
0  0  0
-29.6473  1.63223  8.29012
0  0  0
0  0  0
0  0  0
-33.4991  1.93165  9.40684
0  0  0
-31.2987  1.77302  8.77794
0  0  0
0  0  0
0  0  0
-34.1593  1.98808  9.63021
0  0  0
-31.7155  1.80912  8.93351
0  0  0
-27.1094  1.43826  7.57098
0  0  0
0  0  0
0  0  0
0  0  0
-37.0725  2.22079  10.4876
0  0  0
-33.4898  1.95784  9.48274
0  0  0
-27.9763  1.50692  7.85684
0  0  0
0  0  0
0  0  0
-32.6471  1.85981  9.19015
0  0  0
-30.7466  1.72095  8.63879
0  0  0
0  0  0
0  0  0
-33.9072  1.9596  9.57099
0  0  0
-31.5515  1.78374  8.89474
0  0  0
-27.024  1.41837  7.55137
0  0  0
0  0  0
0  0  0
0  0  0
-37.0351  2.20343  10.4779
0  0  0
-33.4687  1.93927  9.47449
0  0  0
-27.9713  1.49015  7.85159
0  0  0
0  0  0
0  0  0
-32.6549  1.84469  9.18443
0  0  0
-30.7576  1.70503  8.63216
0  0  0
0  0  0
0  0  0
-33.929  1.94591  9.563
0  0  0
-31.5747  1.77013  8.8862
0  0  0
0  0  0
-29.6612  1.60784  8.3139
0  0  0
0  0  0
-31.2374  1.73174  8.76899
0  0  0
-29.6637  1.61287  8.29774
0  0  0
0  0  0
0  0  0
-33.5093  1.9114  9.4083
0  0  0
-31.3125  1.75043  8.77689
0  0  0
0  0  0
0  0  0
-34.1786  1.96718  9.62546
0  0  0
-31.738  1.78711  8.92703
0  0  0
0  0  0
-29.7382  1.61839  8.33215
0  0  0
0  0  0
-31.2822  1.74081  8.77978
0  0  0
-29.6922  1.62202  8.30535
0  0  0
0  0  0
0  0  0
-33.5225  1.91963  9.41344
0  0  0
-31.3201  1.7594  8.78176
0  0  0
0  0  0
0  0  0
-34.1779  1.9753  9.63015
0  0  0
-31.7349  1.79579  8.93211
0  0  0
-27.1275  1.42635  7.5689
0  0  0
0  0  0
0  0  0
0  0  0
-37.101  2.21033  10.4825
0  0  0
-33.5016  1.94229  9.4713
0  0  0
-27.9802  1.49018  7.84412
0  0  0
0  0  0
0  0  0
-32.6695  1.84734  9.18008
0  0  0
-30.7795  1.71374  8.63338
0  0  0
0  0  0
0  0  0
-33.9341  1.9517  9.5618
0  0  0
-31.5874  1.7821  8.89093
0  0  0
-27.051  1.4172  7.5473
0  0  0
0  0  0
0  0  0
0  0  0
-37.0486  2.2004  10.4669
0  0  0
-33.4847  1.93926  9.46718
0  0  0
-27.9839  1.49163  7.8466
0  0  0
0  0  0
0  0  0
-32.6683  1.84788  9.18133
0  0  0
-30.7673  1.70964  8.63019
0  0  0
0  0  0
0  0  0
-33.9339  1.95113  9.5629
0  0  0
-31.5747  1.77631  8.88693
0  0  0
0  0  0
-29.6569  1.6134  8.31582
0  0  0
0  0  0
-31.2277  1.73741  8.77239
0  0  0
-29.6507  1.61859  8.30171
0  0  0
0  0  0
0  0  0
-33.4917  1.91617  9.41538
0  0  0
-31.2918  1.75465  8.78401
0  0  0
0  0  0
-29.5421  1.60653  8.26102
0  0  0
0  0  0
-31.1704  1.73601  8.73236
0  0  0
0  0  0
-32.0333  1.80786  9.00208
0  0  0
-30.1514  1.6649  8.44893
0  0  0
0  0  0
0  0  0
-33.6985  1.93691  9.48511
0  0  0
-31.4195  1.76893  8.83216
0  0  0
0  0  0
-29.5881  1.61293  8.28622
0  0  0
0  0  0
-31.1875  1.73896  8.75052
0  0  0
0  0  0
-32.038  1.80847  9.01692
0  0  0
-30.1479  1.66373  8.4605
0  0  0
0  0  0
0  0  0
-33.6871  1.93403  9.49518
0  0  0
-31.4103  1.76465  8.84114
0  0  0
0  0  0
-29.5799  1.60812  8.29394
0  0  0
0  0  0
-31.1805  1.73325  8.75792
0  0  0
-29.6168  1.61447  8.29045
0  0  0
0  0  0
0  0  0
-33.4734  1.91265  9.40733
0  0  0
-31.2777  1.75035  8.77654
0  0  0
0  0  0
0  0  0
-34.1449  1.96549  9.62799
0  0  0
-31.7056  1.78337  8.92938
0  0  0
0  0  0
-29.7089  1.61321  8.33518
0  0  0
0  0  0
-31.2558  1.73384  8.78402
0  0  0
-29.6651  1.61276  8.3084
0  0  0
0  0  0
0  0  0
-33.4961  1.90903  9.41772
0  0  0
-31.2962  1.74611  8.78472
0  0  0
0  0  0
0  0  0
-34.1584  1.96136  9.63395
0  0  0
-31.7189  1.7793  8.9345
0  0  0
-27.116  1.40972  7.57027
0  0  0
0  0  0
0  0  0
0  0  0
-37.0947  2.19297  10.4846
0  0  0
-33.5148  1.9284  9.47761
0  0  0
-28.0041  1.48048  7.85238
0  0  0
0  0  0
0  0  0
-32.6847  1.83693  9.18328
0  0  0
-30.7853  1.69816  8.63086
0  0  0
0  0  0
0  0  0
-33.9563  1.94121  9.56159
0  0  0
-31.5982  1.76675  8.88494
0  0  0
-27.0639  1.40469  7.54243
0  0  0
0  0  0
0  0  0
0  0  0
-37.0942  2.19411  10.4664
0  0  0
-33.5204  1.93268  9.4638
0  0  0
-28.0122  1.48668  7.84284
0  0  0
0  0  0
0  0  0
-32.6996  1.84495  9.17535
0  0  0
-30.7977  1.70835  8.6246
0  0  0
0  0  0
0  0  0
-33.9663  1.95207  9.55624
0  0  0
-31.603  1.77933  8.88073
0  0  0
0  0  0
-29.6825  1.61789  8.31025
0  0  0
0  0  0
-31.2515  1.74375  8.76672
0  0  0
-29.6718  1.62702  8.29702
0  0  0
0  0  0
0  0  0
-33.511  1.92578  9.41076
0  0  0
-31.3065  1.76643  8.78056
0  0  0
0  0  0
0  0  0
-34.1637  1.98181  9.63247
0  0  0
-31.7185  1.80237  8.93519
0  0  0
-27.1117  1.43173  7.57228
0  0  0
0  0  0
0  0  0
0  0  0
-37.0754  2.21469  10.4902
0  0  0
-33.4921  1.95132  9.48482
0  0  0
-27.9781  1.50078  7.8586
0  0  0
0  0  0
0  0  0
-32.6494  1.85434  9.19286
0  0  0
-30.7483  1.7152  8.64125
0  0  0
0  0  0
-29.2955  1.59101  8.1998
0  0  0
0  0  0
-31.0281  1.7275  8.69917
0  0  0
0  0  0
-31.9522  1.80311  8.98496
0  0  0
-30.0954  1.66154  8.43821
0  0  0
0  0  0
0  0  0
-33.6677  1.93482  9.48121
0  0  0
-31.3999  1.76673  8.83037
0  0  0
0  0  0
-29.5763  1.61094  8.2859
0  0  0
0  0  0
-31.18  1.73667  8.75075
0  0  0
0  0  0
-32.0311  1.80579  9.0167
0  0  0
-30.1449  1.66065  8.46049
0  0  0
0  0  0
0  0  0
-33.6857  1.93088  9.49462
0  0  0
-31.4096  1.76115  8.84009
0  0  0
0  0  0
-29.5815  1.60494  8.29278
0  0  0
0  0  0
-31.1846  1.7301  8.75641
0  0  0
0  0  0
-32.0357  1.79895  9.02113
0  0  0
-30.1517  1.65357  8.46437
0  0  0
0  0  0
0  0  0
-33.6946  1.92444  9.49772
0  0  0
-31.4214  1.75475  8.84292
0  0  0
0  0  0
-29.5936  1.59965  8.29482
0  0  0
0  0  0
-31.1972  1.72535  8.75772
0  0  0
-29.6369  1.6072  8.29027
0  0  0
0  0  0
0  0  0
-33.4963  1.90698  9.40543
0  0  0
-31.3005  1.74564  8.77443
0  0  0
0  0  0
0  0  0
-34.1716  1.96277  9.62496
0  0  0
-31.7312  1.78214  8.92653
0  0  0
0  0  0
-29.7332  1.6136  8.33239
0  0  0
0  0  0
-31.2771  1.73574  8.78026
0  0  0
-29.6887  1.6165  8.30599
0  0  0
0  0  0
0  0  0
-33.5191  1.91421  9.41475
0  0  0
-31.3158  1.75329  8.78256
0  0  0
0  0  0
0  0  0
-34.1754  1.96942  9.63184
0  0  0
-31.7325  1.78929  8.93332
0  0  0
-27.1258  1.41994  7.56993
0  0  0
0  0  0
0  0  0
0  0  0
-37.1005  2.20408  10.4847
0  0  0
-33.5175  1.94116  9.47894
0  0  0
-28.0024  1.49266  7.85366
0  0  0
0  0  0
0  0  0
-32.6796  1.84844  9.186
0  0  0
-30.7781  1.71058  8.63444
0  0  0
0  0  0
-29.3241  1.58852  8.19287
0  0  0
0  0  0
-31.0583  1.72689  8.69154
0  0  0
0  0  0
-31.9804  1.80446  8.97655
0  0  0
-30.1228  1.66502  8.43108
0  0  0
0  0  0
0  0  0
-33.6962  1.9402  9.47351
0  0  0
-31.4225  1.77433  8.82338
0  0  0
0  0  0
-29.5952  1.61932  8.27986
0  0  0
0  0  0
-31.1952  1.74658  8.74489
0  0  0
0  0  0
-32.0443  1.81708  9.01195
0  0  0
-30.1524  1.67349  8.45648
0  0  0
0  0  0
0  0  0
-33.6878  1.94362  9.49121
0  0  0
-31.4111  1.77541  8.83861
0  0  0
0  0  0
-29.5774  1.61794  8.29184
0  0  0
0  0  0
-31.1766  1.74321  8.75662
0  0  0
0  0  0
-32.0227  1.81173  9.02236
0  0  0
-30.1353  1.66623  8.46595
0  0  0
0  0  0
0  0  0
-33.6729  1.93527  9.50082
0  0  0
-31.3985  1.76528  8.84643
0  0  0
0  0  0
-29.5704  1.60795  8.29875
0  0  0
0  0  0
-31.1706  1.73228  8.76235
0  0  0
-29.6089  1.6128  8.29452
0  0  0
0  0  0
0  0  0
-33.4651  1.9103  9.41086
0  0  0
-31.2736  1.7474  8.77985
0  0  0
0  0  0
0  0  0
-34.1427  1.96233  9.63079
0  0  0
-31.7059  1.77981  8.93162
0  0  0
-27.106  1.40989  7.56792
0  0  0
0  0  0
0  0  0
0  0  0
-37.0869  2.19244  10.4818
0  0  0
-33.508  1.92726  9.47457
0  0  0
-27.9995  1.47912  7.84967
0  0  0
0  0  0
0  0  0
-32.6841  1.83532  9.18015
0  0  0
-30.7832  1.69609  8.62697
0  0  0
0  0  0
0  0  0
-33.9577  1.93918  9.55707
0  0  0
-31.5998  1.76446  8.8801
0  0  0
0  0  0
-29.685  1.60404  8.30847
0  0  0
0  0  0
-31.2586  1.72942  8.76291
0  0  0
-29.6836  1.61207  8.29243
0  0  0
0  0  0
0  0  0
-33.5308  1.9123  9.40345
0  0  0
-31.3281  1.75281  8.7723
0  0  0
0  0  0
0  0  0
-34.1957  1.97081  9.62235
0  0  0
-31.7501  1.79222  8.92463
0  0  0
0  0  0
-29.7453  1.6236  8.33049
0  0  0
0  0  0
-31.286  1.74684  8.77908
0  0  0
-29.6929  1.62898  8.3054
0  0  0
0  0  0
0  0  0
-33.5204  1.92645  9.41545
0  0  0
-31.3136  1.76684  8.78421
0  0  0
0  0  0
0  0  0
-34.167  1.98178  9.6345
0  0  0
-31.7218  1.80235  8.9368
0  0  0
-27.1146  1.43176  7.57344
0  0  0
0  0  0
0  0  0
0  0  0
-37.0792  2.21466  10.4906
0  0  0
-33.4963  1.9516  9.48523
0  0  0
-27.9822  1.50131  7.8589
0  0  0
0  0  0
0  0  0
-32.6544  1.85498  9.19266
0  0  0
-30.7529  1.71624  8.64095
0  0  0
0  0  0
-29.3017  1.59227  8.1997
0  0  0
0  0  0
-31.0336  1.72909  8.69862
0  0  0
0  0  0
-31.9567  1.80504  8.984
0  0  0
-30.101  1.66401  8.43772
0  0  0
0  0  0
0  0  0
-33.6734  1.93745  9.48038
0  0  0
-31.4028  1.76992  8.8293
0  0  0
0  0  0
-29.5806  1.61413  8.28528
0  0  0
0  0  0
-31.1834  1.74015  8.74998
0  0  0
0  0  0
-32.0334  1.80955  9.01584
0  0  0
-30.1474  1.6649  8.46005
0  0  0
0  0  0
0  0  0
-33.6871  1.93497  9.49399
0  0  0
-31.4114  1.7658  8.84
0  0  0
0  0  0
-29.5823  1.60921  8.29261
0  0  0
0  0  0
-31.183  1.73441  8.75602
0  0  0
0  0  0
-32.0344  1.8033  9.02113
0  0  0
-30.1493  1.6581  8.46437
0  0  0
0  0  0
0  0  0
-33.6917  1.9285  9.49787
0  0  0
-31.4181  1.75903  8.84324
0  0  0
0  0  0
-29.5886  1.60327  8.29476
0  0  0
0  0  0
-31.1941  1.72885  8.75827
0  0  0
-29.6321  1.61064  8.29056
0  0  0
0  0  0
0  0  0
-33.4912  1.90984  9.40577
0  0  0
-31.2968  1.74852  8.77499
0  0  0
0  0  0
0  0  0
-34.1664  1.96503  9.62525
0  0  0
-31.7265  1.7843  8.92681
0  0  0
0  0  0
-29.7293  1.61527  8.33255
0  0  0
0  0  0
-31.275  1.73719  8.78067
0  0  0
-29.6843  1.61774  8.3057
0  0  0
0  0  0
0  0  0
-33.5161  1.91506  9.4144
0  0  0
-31.3135  1.75403  8.78208
0  0  0
0  0  0
0  0  0
-34.1737  1.96987  9.631
0  0  0
-31.7313  1.78967  8.93239
0  0  0
-27.1253  1.42028  7.56901
0  0  0
0  0  0
0  0  0
0  0  0
-37.1015  2.2042  10.4829
0  0  0
-33.5186  1.94136  9.47713
0  0  0
-28.0039  1.49295  7.85208
0  0  0
0  0  0
0  0  0
-32.682  1.84868  9.18362
0  0  0
-30.7807  1.711  8.63212
0  0  0
0  0  0
0  0  0
-33.9467  1.95279  9.56332
0  0  0
-31.5873  1.77888  8.88733
0  0  0
-27.0542  1.41567  7.54509
0  0  0
0  0  0
0  0  0
0  0  0
-37.0753  2.20386  10.4701
0  0  0
-33.5023  1.94236  9.4678
0  0  0
-27.9956  1.49485  7.84612
0  0  0
0  0  0
0  0  0
-32.6804  1.85128  9.1795
0  0  0
-30.7785  1.71409  8.62848
0  0  0
0  0  0
0  0  0
-33.9457  1.95594  9.56042
0  0  0
-31.5852  1.78231  8.88482
0  0  0
0  0  0
-29.6658  1.61944  8.31357
0  0  0
0  0  0
-31.2363  1.74499  8.77032
0  0  0
-29.6559  1.62651  8.29922
0  0  0
0  0  0
0  0  0
-33.4989  1.92363  9.41305
0  0  0
-31.2988  1.76327  8.78253
0  0  0
0  0  0
0  0  0
-34.1568  1.97805  9.6332
0  0  0
-31.7145  1.79776  8.93526
0  0  0
-27.1105  1.42711  7.572
0  0  0
0  0  0
0  0  0
0  0  0
-37.0778  2.20974  10.4879
0  0  0
-33.4967  1.946  9.48208
0  0  0
-27.985  1.49613  7.85622
0  0  0
0  0  0
0  0  0
-32.6609  1.85032  9.1891
0  0  0
-30.7586  1.71131  8.6367
0  0  0
0  0  0
-29.3084  1.58817  8.19512
0  0  0
0  0  0
-31.0412  1.72566  8.69305
0  0  0
0  0  0
-31.9689  1.80187  8.97854
0  0  0
-30.1132  1.66129  8.43232
0  0  0
0  0  0
0  0  0
-33.6888  1.93582  9.47404
0  0  0
-31.4169  1.76893  8.82315
0  0  0
0  0  0
-29.5933  1.61408  8.27911
0  0  0
0  0  0
-31.1967  1.74097  8.74342
0  0  0
0  0  0
-32.0455  1.81123  9.00893
0  0  0
-30.1575  1.66741  8.4535
0  0  0
0  0  0
0  0  0
-33.7  1.93834  9.48746
0  0  0
-31.4213  1.77011  8.83395
0  0  0
0  0  0
-29.5889  1.61375  8.28683
0  0  0
0  0  0
-31.1899  1.73961  8.75059
0  0  0
0  0  0
-32.0385  1.80901  9.01573
0  0  0
-30.152  1.6644  8.45966
0  0  0
0  0  0
0  0  0
-33.6916  1.93469  9.49304
0  0  0
-31.416  1.76598  8.83904
0  0  0
0  0  0
-29.5858  1.60975  8.29146
0  0  0
0  0  0
-31.1854  1.73519  8.75438
0  0  0
0  0  0
-32.0386  1.80442  9.01977
0  0  0
-30.1543  1.65948  8.46338
0  0  0
0  0  0
0  0  0
-33.6956  1.93019  9.4964
0  0  0
-31.4216  1.76123  8.84199
0  0  0
0  0  0
-29.5913  1.60528  8.29349
0  0  0
0  0  0
-31.195  1.73104  8.7567
0  0  0
-29.6345  1.61307  8.28956
0  0  0
0  0  0
0  0  0
-33.4925  1.9124  9.40453
0  0  0
-31.2979  1.75131  8.77411
0  0  0
0  0  0
0  0  0
-34.167  1.9678  9.62437
0  0  0
-31.7268  1.78726  8.92626
0  0  0
0  0  0
-29.7286  1.61806  8.33202
0  0  0
0  0  0
-31.2723  1.73995  8.77996
0  0  0
-29.6833  1.6205  8.30556
0  0  0
0  0  0
0  0  0
-33.5141  1.91767  9.41432
0  0  0
-31.3112  1.7566  8.78216
0  0  0
0  0  0
0  0  0
-34.1699  1.97215  9.63094
0  0  0
-31.728  1.79181  8.93252
0  0  0
-27.1222  1.4221  7.56912
0  0  0
0  0  0
0  0  0
0  0  0
-37.0965  2.20579  10.483
0  0  0
-33.5159  1.94247  9.47767
0  0  0
-28.0004  1.49368  7.8522
0  0  0
0  0  0
0  0  0
-32.6787  1.84909  9.18378
0  0  0
-30.7779  1.71115  8.6322
0  0  0
0  0  0
0  0  0
-33.9435  1.95268  9.56317
0  0  0
-31.5848  1.7785  8.88711
0  0  0
0  0  0
-29.6667  1.61586  8.31536
0  0  0
0  0  0
-31.2398  1.74049  8.77175
0  0  0
-29.6608  1.62247  8.30069
0  0  0
0  0  0
0  0  0
-33.5024  1.9204  9.41334
0  0  0
-31.3033  1.76007  8.78257
0  0  0
0  0  0
0  0  0
-34.1638  1.97542  9.63289
0  0  0
-31.7222  1.79539  8.93485
0  0  0
-27.1156  1.42559  7.57108
0  0  0
0  0  0
0  0  0
0  0  0
-37.0893  2.20871  10.4871
0  0  0
-33.5071  1.94554  9.4811
0  0  0
-27.9938  1.49612  7.8554
0  0  0
0  0  0
0  0  0
-32.6693  1.85083  9.1875
0  0  0
-30.7684  1.71256  8.63575
0  0  0
0  0  0
0  0  0
-33.9341  1.95338  9.56743
0  0  0
-31.5767  1.77874  8.8912
0  0  0
-27.0451  1.41495  7.54815
0  0  0
0  0  0
0  0  0
0  0  0
-37.0648  2.20231  10.474
0  0  0
-33.4939  1.93989  9.47097
0  0  0
-27.9905  1.49198  7.84878
0  0  0
0  0  0
0  0  0
-32.6751  1.848  9.1818
0  0  0
-30.7746  1.71014  8.63026
0  0  0
0  0  0
0  0  0
-33.9442  1.95197  9.56192
0  0  0
-31.5858  1.77788  8.88594
0  0  0
0  0  0
-29.6686  1.61546  8.31439
0  0  0
0  0  0
-31.242  1.74021  8.77065
0  0  0
-29.6633  1.62234  8.29969
0  0  0
0  0  0
0  0  0
-33.5064  1.9205  9.41234
0  0  0
-31.3058  1.76033  8.78142
0  0  0
0  0  0
0  0  0
-34.1662  1.97583  9.63157
0  0  0
-31.7241  1.796  8.93366
0  0  0
-27.1194  1.42605  7.57062
0  0  0
0  0  0
0  0  0
0  0  0
-37.0907  2.20956  10.4855
0  0  0
-33.5077  1.94642  9.47973
0  0  0
-27.994  1.49708  7.85428
0  0  0
0  0  0
0  0  0
-32.6698  1.85185  9.18647
0  0  0
-30.7695  1.71376  8.63503
0  0  0
0  0  0
0  0  0
-33.9339  1.95453  9.56651
0  0  0
-31.5762  1.77999  8.89043
0  0  0
-27.0438  1.41608  7.54742
0  0  0
0  0  0
0  0  0
0  0  0
-37.0633  2.20328  10.4732
0  0  0
-33.491  1.94105  9.4701
0  0  0
-27.9878  1.4931  7.84808
0  0  0
0  0  0
0  0  0
-32.6737  1.84916  9.18157
0  0  0
-30.7731  1.71119  8.63012
0  0  0
0  0  0
0  0  0
-33.9413  1.9529  9.56164
0  0  0
-31.5833  1.77862  8.8857
0  0  0
0  0  0
-29.6662  1.6161  8.31424
0  0  0
0  0  0
-31.2388  1.74067  8.77037
0  0  0
-29.6615  1.62256  8.29967
0  0  0
0  0  0
0  0  0
-33.503  1.92062  9.41202
0  0  0
-31.3027  1.76014  8.78105
0  0  0
0  0  0
0  0  0
-34.1646  1.97571  9.63147
0  0  0
-31.7217  1.79534  8.93307
0  0  0
-27.1179  1.4253  7.57018
0  0  0
0  0  0
0  0  0
0  0  0
-37.0895  2.20868  10.4849
0  0  0
-33.5077  1.9457  9.47935
0  0  0
-27.9965  1.49638  7.8545
0  0  0
0  0  0
0  0  0
-32.6726  1.85113  9.18636
0  0  0
-30.7704  1.71287  8.63431
0  0  0
0  0  0
0  0  0
-33.9357  1.95378  9.56578
0  0  0
-31.5779  1.77922  8.88952
0  0  0
-27.0459  1.41546  7.54672
0  0  0
0  0  0
0  0  0
0  0  0
-37.0657  2.20251  10.4718
0  0  0
-33.4946  1.94023  9.46907
0  0  0
-27.9916  1.49249  7.8473
0  0  0
0  0  0
0  0  0
-32.6765  1.84861  9.18028
0  0  0
-30.7763  1.71083  8.62889
0  0  0
0  0  0
0  0  0
-33.9445  1.95267  9.56018
0  0  0
-31.5853  1.77859  8.88416
0  0  0
0  0  0
-29.6683  1.61615  8.31288
0  0  0
0  0  0
-31.2412  1.74087  8.76901
0  0  0
-29.6627  1.62298  8.29816
0  0  0
0  0  0
0  0  0
-33.5046  1.92107  9.41057
0  0  0
-31.3037  1.76082  8.77965
0  0  0
0  0  0
0  0  0
-34.1658  1.9763  9.6301
0  0  0
-31.7229  1.79636  8.93206
0  0  0
-27.1183  1.42635  7.56923
0  0  0
0  0  0
0  0  0
0  0  0
-37.0898  2.20967  10.4838
0  0  0
-33.5068  1.94662  9.4782
0  0  0
-27.9931  1.4973  7.85293
0  0  0
0  0  0
0  0  0
-32.6706  1.85207  9.18528
0  0  0
-30.7681  1.71383  8.63332
0  0  0
0  0  0
0  0  0
-33.9337  1.95459  9.56493
0  0  0
-31.5751  1.77992  8.88864
0  0  0
0  0  0
-29.6581  1.61663  8.3169
0  0  0
0  0  0
-31.2296  1.74059  8.77297
0  0  0
-29.6536  1.622  8.30215
0  0  0
0  0  0
0  0  0
-33.494  1.91933  9.41457
0  0  0
-31.2956  1.7583  8.78337
0  0  0
0  0  0
0  0  0
-34.1584  1.97331  9.6338
0  0  0
-31.7176  1.79266  8.93531
0  0  0
-27.1143  1.42255  7.57163
0  0  0
0  0  0
0  0  0
0  0  0
-37.0877  2.20554  10.4867
0  0  0
-33.5055  1.94144  9.47999
0  0  0
-27.9942  1.4925  7.85449
0  0  0
0  0  0
0  0  0
-32.6717  1.84707  9.18597
0  0  0
-30.7711  1.70859  8.63388
0  0  0
0  0  0
0  0  0
-33.9396  1.94995  9.5652
0  0  0
-31.5824  1.77532  8.88876
0  0  0
-27.0494  1.41207  7.54567
0  0  0
0  0  0
0  0  0
0  0  0
-37.0751  2.20034  10.4711
0  0  0
-33.5026  1.93777  9.46774
0  0  0
-27.9977  1.49055  7.84593
0  0  0
0  0  0
0  0  0
-32.6851  1.84734  9.1787
0  0  0
-30.7842  1.70993  8.62737
0  0  0
0  0  0
0  0  0
-33.9536  1.95245  9.55852
0  0  0
-31.5939  1.77891  8.88275
0  0  0
0  0  0
-29.6748  1.61693  8.31137
0  0  0
0  0  0
-31.2468  1.74213  8.76743
0  0  0
-29.6675  1.62474  8.29689
0  0  0
0  0  0
0  0  0
-33.51  1.92321  9.40955
0  0  0
-31.3081  1.76347  8.77896
0  0  0
0  0  0
0  0  0
-34.1684  1.97908  9.62949
0  0  0
-31.7244  1.79957  8.9318
0  0  0
-27.1185  1.42947  7.56912
0  0  0
0  0  0
0  0  0
0  0  0
-37.0883  2.21289  10.4842
0  0  0
-33.5047  1.95002  9.47893
0  0  0
-27.99  1.50042  7.85357
0  0  0
0  0  0
0  0  0
-32.6657  1.85483  9.18634
0  0  0
-30.7627  1.71656  8.63457
0  0  0
0  0  0
0  0  0
-33.9269  1.95679  9.5666
0  0  0
-31.5686  1.78189  8.89041
0  0  0
-27.0383  1.41755  7.54772
0  0  0
0  0  0
0  0  0
0  0  0
-37.0545  2.20417  10.4737
0  0  0
-33.4842  1.94123  9.47076
0  0  0
-27.9818  1.49285  7.84843
0  0  0
0  0  0
0  0  0
-32.6674  1.8483  9.18196
0  0  0
-30.7665  1.70977  8.63009
0  0  0
0  0  0
0  0  0
-33.9358  1.95101  9.56157
0  0  0
-31.5781  1.77615  8.88524
0  0  0
0  0  0
-29.6622  1.61353  8.3136
0  0  0
0  0  0
-31.2351  1.73768  8.7693
0  0  0
-29.6595  1.61925  8.29853
0  0  0
0  0  0
0  0  0
-33.5032  1.9173  9.41063
0  0  0
-31.3037  1.75648  8.77935
0  0  0
0  0  0
0  0  0
-34.1668  1.97221  9.62912
0  0  0
-31.7251  1.7919  8.9308
0  0  0
-27.1208  1.4223  7.56791
0  0  0
0  0  0
0  0  0
0  0  0
-37.0961  2.20591  10.4816
0  0  0
-33.5135  1.94278  9.47578
0  0  0
-27.9995  1.4941  7.85085
0  0  0
0  0  0
0  0  0
-32.6792  1.84953  9.18249
0  0  0
-30.7766  1.71151  8.63047
0  0  0
0  0  0
0  0  0
-33.9435  1.95305  9.56155
0  0  0
-31.5843  1.77879  8.88536
0  0  0
0  0  0
-29.6666  1.61617  8.31373
0  0  0
0  0  0
-31.2382  1.7407  8.76959
0  0  0
-29.662  1.62272  8.29916
0  0  0
0  0  0
0  0  0
-33.5043  1.92074  9.41155
0  0  0
-31.3028  1.76035  8.78039
0  0  0
0  0  0
0  0  0
-34.1648  1.97575  9.63073
0  0  0
-31.7225  1.79572  8.93263
0  0  0
-27.1185  1.4257  7.56975
0  0  0
0  0  0
0  0  0
0  0  0
-37.0897  2.20903  10.4842
0  0  0
-33.5074  1.94593  9.47853
0  0  0
-27.9939  1.49672  7.85324
0  0  0
0  0  0
0  0  0
-32.6713  1.85151  9.18535
0  0  0
-30.7694  1.71329  8.63347
0  0  0
0  0  0
0  0  0
-33.9349  1.95409  9.56483
0  0  0
-31.5768  1.77948  8.88861
0  0  0
0  0  0
-29.6593  1.61631  8.31669
0  0  0
0  0  0
-31.2318  1.74037  8.77288
0  0  0
-29.656  1.62192  8.30214
0  0  0
0  0  0
0  0  0
-33.497  1.91942  9.41456
0  0  0
-31.2984  1.75858  8.78343
0  0  0
0  0  0
0  0  0
-34.1597  1.97363  9.63344
0  0  0
-31.7191  1.79314  8.93508
0  0  0
-27.1153  1.42306  7.57149
0  0  0
0  0  0
0  0  0
0  0  0
-37.0883  2.20609  10.4863
0  0  0
-33.5074  1.94264  9.48027
0  0  0
-27.9954  1.49348  7.85467
0  0  0
0  0  0
0  0  0
-32.6722  1.84852  9.18621
0  0  0
-30.7729  1.71021  8.63442
0  0  0
0  0  0
0  0  0
-33.9394  1.95138  9.56537
0  0  0
-31.5818  1.77683  8.88898
0  0  0
-27.05  1.41346  7.54613
0  0  0
0  0  0
0  0  0
0  0  0
-37.073  2.20122  10.4708
0  0  0
-33.5015  1.93924  9.46808
0  0  0
-27.9971  1.4918  7.84632
0  0  0
0  0  0
0  0  0
-32.6836  1.84847  9.179
0  0  0
-30.772  1.70424  8.62285
0  0  0
0  0  0
0  0  0
-33.9435  1.94761  9.55508
0  0  0
-31.5908  1.77538  8.88166
0  0  0
0  0  0
-29.6688  1.6123  8.30929
0  0  0
0  0  0
-31.2416  1.73729  8.76579
0  0  0
-29.6697  1.62124  8.29756
0  0  0
0  0  0
0  0  0
-33.5046  1.91831  9.40826
0  0  0
-31.3072  1.75885  8.77894
0  0  0
0  0  0
0  0  0
-34.1641  1.97397  9.62882
0  0  0
-31.7256  1.79546  8.93279
0  0  0
-27.115  1.42375  7.56831
0  0  0
0  0  0
0  0  0
0  0  0
-37.0841  2.2073  10.484
0  0  0
-33.506  1.9454  9.48023
0  0  0
-27.987  1.49423  7.85306
0  0  0
0  0  0
0  0  0
-32.6622  1.84909  9.18615
0  0  0
-30.7666  1.71185  8.63644
0  0  0
0  0  0
0  0  0
-33.923  1.95076  9.56635
0  0  0
-31.5689  1.77613  8.89122
0  0  0
-27.0377  1.41192  7.54818
0  0  0
0  0  0
0  0  0
0  0  0
-37.0516  2.19791  10.4738
0  0  0
-33.4872  1.936  9.47252
0  0  0
-27.9806  1.48622  7.84841
0  0  0
0  0  0
0  0  0
-32.6649  1.84222  9.18213
0  0  0
-30.7714  1.7048  8.63224
0  0  0
0  0  0
0  0  0
-33.9338  1.9449  9.56178
0  0  0
-31.5801  1.77045  8.88655
0  0  0
0  0  0
-29.6607  1.60752  8.31392
0  0  0
0  0  0
-31.2403  1.73334  8.77189
0  0  0
-29.6621  1.61445  8.30033
0  0  0
0  0  0
0  0  0
-33.5005  1.91142  9.41102
0  0  0
-31.3064  1.75117  8.78124
0  0  0
0  0  0
0  0  0
-34.1651  1.96658  9.63013
0  0  0
-31.7292  1.78753  8.93364
0  0  0
-27.1198  1.41652  7.56872
0  0  0
0  0  0
0  0  0
0  0  0
-37.0944  2.20044  10.4834
0  0  0
-33.516  1.93801  9.47882
0  0  0
-27.9989  1.48841  7.85242
0  0  0
0  0  0
0  0  0
-32.6806  1.84578  9.18609
0  0  0
-30.7771  1.70693  8.63349
0  0  0
0  0  0
0  0  0
-33.9426  1.94869  9.56496
0  0  0
-31.5842  1.77387  8.88865
0  0  0
-27.051  1.41072  7.54601
0  0  0
0  0  0
0  0  0
0  0  0
-37.072  2.1988  10.4716
0  0  0
-33.5  1.93642  9.46896
0  0  0
-27.9958  1.48919  7.84737
0  0  0
0  0  0
0  0  0
-32.6792  1.84598  9.18065
0  0  0
-30.7787  1.70809  8.62951
0  0  0
0  0  0
0  0  0
-33.9452  1.9504  9.56133
0  0  0
-31.5858  1.77614  8.88547
0  0  0
0  0  0
-29.6673  1.61403  8.31439
0  0  0
0  0  0
-31.2392  1.73874  8.77102
0  0  0
-29.6602  1.62057  8.30029
0  0  0
0  0  0
0  0  0
-33.5005  1.91875  9.4136
0  0  0
-31.2998  1.75798  8.78269
0  0  0
0  0  0
0  0  0
-34.1591  1.97344  9.63376
0  0  0
-31.7171  1.79282  8.93569
0  0  0
-27.1126  1.42261  7.57238
0  0  0
0  0  0
0  0  0
0  0  0
-37.0807  2.2056  10.4887
0  0  0
-33.4995  1.94156  9.48274
0  0  0
-27.9875  1.49213  7.85692
0  0  0
0  0  0
0  0  0
-32.6611  1.84679  9.18965
0  0  0
-30.761  1.70754  8.63766
0  0  0
0  0  0
-29.3107  1.58496  8.19634
0  0  0
0  0  0
-31.0449  1.72221  8.69488
0  0  0
0  0  0
-31.9688  1.79877  8.97974
0  0  0
-30.1141  1.65807  8.43377
0  0  0
0  0  0
0  0  0
-33.6889  1.93298  9.47604
0  0  0
-31.4161  1.76574  8.82486
0  0  0
0  0  0
-29.592  1.61124  8.28105
0  0  0
0  0  0
-31.1931  1.73799  8.74534
0  0  0
0  0  0
-32.0445  1.80818  9.01169
0  0  0
-30.1577  1.66408  8.45643
0  0  0
0  0  0
0  0  0
-33.6959  1.93508  9.49031
0  0  0
-31.4176  1.7663  8.83663
0  0  0
0  0  0
-29.5866  1.61024  8.28993
0  0  0
0  0  0
-30.4848  1.99449  8.65055
0  0  0
0  0  0
-31.5103  2.10693  8.98185
0  0  0
-29.7837  1.98772  8.47872
0  0  0
0  0  0
-28.8563  1.8666  8.17624
0  0  0
0  0  0
-30.7582  2.01862  8.73227
0  0  0
-29.3335  1.92868  8.31316
0  0  0
0  0  0
0  0  0
-33.3141  2.20871  9.46845
0  0  0
-31.1743  2.07739  8.86516
0  0  0
0  0  0
-29.4565  1.89301  8.3405
0  0  0
-28.5556  1.83981  8.06228
0  0  0
0  0  0
0  0  0
-33.0254  2.17158  9.3476
0  0  0
-31.0051  2.05347  8.77882
0  0  0
0  0  0
-29.4142  1.88528  8.29205
0  0  0
0  0  0
-31.1129  2.02588  8.78984
0  0  0
-29.588  1.93488  8.34581
0  0  0
0  0  0
0  0  0
-33.483  2.21586  9.47404
0  0  0
-31.3091  2.09098  8.867
0  0  0
0  0  0
-29.5517  1.90944  8.336
0  0  0
-28.6369  1.86393  8.05896
0  0  0
0  0  0
0  0  0
-33.0956  2.19918  9.34172
0  0  0
-31.0638  2.09097  8.77801
0  0  0
0  0  0
-29.453  1.92206  8.29125
0  0  0
0  0  0
-31.1423  2.06688  8.79216
0  0  0
-29.6056  1.98346  8.35245
0  0  0
0  0  0
0  0  0
-33.4837  2.26064  9.48216
0  0  0
-31.3007  2.1434  8.88064
0  0  0
-26.8967  1.77629  7.57847
0  0  0
0  0  0
0  0  0
-32.2231  2.16735  9.09176
0  0  0
0  0  0
-32.7835  2.24014  9.31332
0  0  0
-30.6038  2.10197  8.69819
0  0  0
-26.5654  1.75907  7.49639
0  0  0
0  0  0
0  0  0
-32.0644  2.16527  9.06095
0  0  0
0  0  0
-32.6804  2.24077  9.29807
0  0  0
-30.5283  2.10224  8.68951
0  0  0
-26.5154  1.75853  7.49284
0  0  0
0  0  0
0  0  0
0  0  0
-36.7932  2.55665  10.518
0  0  0
-33.3081  2.34418  9.5643
0  0  0
-27.8501  1.86767  7.9438
0  0  0
-25.0152  1.6047  7.06762
0  0  0
0  0  0
0  0  0
0  0  0
-36.178  2.48644  10.3305
0  0  0
-32.924  2.28591  9.43479
0  0  0
-27.6631  1.82919  7.87144
0  0  0
-24.9335  1.57766  7.02602
0  0  0
0  0  0
0  0  0
0  0  0
-36.1697  2.46783  10.2988
0  0  0
-32.9261  2.26768  9.40592
0  0  0
-27.678  1.8152  7.84995
0  0  0
0  0  0
-27.8565  1.77976  7.8492
0  0  0
0  0  0
0  0  0
-34.8319  2.35264  9.91687
0  0  0
-32.1341  2.18454  9.16662
0  0  0
-27.302  1.77245  7.73052
0  0  0
0  0  0
0  0  0
-32.3661  2.13735  9.17269
0  0  0
-30.5828  2.0419  8.67095
0  0  0
0  0  0
-29.2211  1.89233  8.24989
0  0  0
0  0  0
-30.9989  2.03975  8.77248
0  0  0
-29.5089  1.95333  8.34037
0  0  0
0  0  0
0  0  0
-33.4282  2.23363  9.47994
0  0  0
-31.2652  2.11093  8.87749
0  0  0
-26.8794  1.74407  7.57591
0  0  0
0  0  0
0  0  0
-32.2207  2.13822  9.0907
0  0  0
-30.4981  2.054  8.61126
0  0  0
0  0  0
0  0  0
-33.8262  2.28136  9.5902
0  0  0
-31.5176  2.15092  8.95208
0  0  0
-27.0033  1.77273  7.61578
0  0  0
0  0  0
0  0  0
-32.2615  2.1577  9.1102
0  0  0
-30.5178  2.07365  8.62719
0  0  0
0  0  0
0  0  0
-33.8188  2.29573  9.60121
0  0  0
-31.5051  2.16536  8.96278
0  0  0
-26.9864  1.78462  7.62408
0  0  0
0  0  0
0  0  0
-32.2354  2.16589  9.11883
0  0  0
-30.4918  2.08087  8.63582
0  0  0
0  0  0
0  0  0
-33.7894  2.2995  9.61057
0  0  0
-31.4782  2.16719  8.97148
0  0  0
-26.9629  1.78415  7.63093
0  0  0
0  0  0
0  0  0
-32.2093  2.16311  9.1268
0  0  0
-30.4693  2.07544  8.64268
0  0  0
0  0  0
-29.1509  1.92354  8.23646
0  0  0
0  0  0
-30.9372  2.07075  8.76587
0  0  0
-29.4486  1.98522  8.33754
0  0  0
0  0  0
0  0  0
-33.3662  2.25853  9.48058
0  0  0
-31.2015  2.13491  8.87971
0  0  0
0  0  0
-29.4542  1.94227  8.35122
0  0  0
-28.5412  1.89329  8.07587
0  0  0
0  0  0
0  0  0
-32.9851  2.21763  9.36241
0  0  0
-30.9593  2.10344  8.79785
0  0  0
0  0  0
-29.3591  1.92539  8.31022
0  0  0
0  0  0
-31.046  2.06209  8.81108
0  0  0
-29.5181  1.96962  8.36809
0  0  0
0  0  0
0  0  0
-33.3935  2.24014  9.49855
0  0  0
-31.2248  2.11207  8.892
0  0  0
-26.8401  1.74014  7.58573
0  0  0
0  0  0
0  0  0
-32.171  2.12955  9.10007
0  0  0
-30.4534  2.03924  8.61776
0  0  0
0  0  0
0  0  0
-33.7852  2.26411  9.59682
0  0  0
-31.4828  2.1271  8.95481
0  0  0
-26.9779  1.74688  7.61615
0  0  0
0  0  0
0  0  0
-32.2426  2.13229  9.11082
0  0  0
-30.506  2.04226  8.62415
0  0  0
0  0  0
0  0  0
-33.8178  2.26707  9.59752
0  0  0
-31.5099  2.13178  8.95545
0  0  0
-26.9977  1.75246  7.61648
0  0  0
0  0  0
0  0  0
-32.2591  2.13843  9.11009
0  0  0
-30.5182  2.05051  8.62407
0  0  0
0  0  0
0  0  0
-33.8277  2.27536  9.5976
0  0  0
-31.5168  2.14219  8.9567
0  0  0
-27.0006  1.763  7.61795
0  0  0
0  0  0
0  0  0
-32.2586  2.1481  9.11177
0  0  0
-30.5174  2.06196  8.62734
0  0  0
0  0  0
0  0  0
-33.8231  2.28529  9.60137
0  0  0
-31.5095  2.15326  8.96122
0  0  0
-26.992  1.77314  7.62214
0  0  0
0  0  0
0  0  0
-32.2449  2.15623  9.11649
0  0  0
-30.5045  2.07048  8.63292
0  0  0
0  0  0
0  0  0
-33.8046  2.29142  9.60706
0  0  0
-31.4934  2.15906  8.96741
0  0  0
-26.9775  1.77748  7.62743
0  0  0
0  0  0
0  0  0
-32.2269  2.1586  9.12253
0  0  0
-30.4867  2.07171  8.63853
0  0  0
0  0  0
-29.1671  1.92162  8.2325
0  0  0
0  0  0
-30.9551  2.0703  8.76193
0  0  0
-29.4664  1.98633  8.33439
0  0  0
0  0  0
0  0  0
-33.3811  2.2609  9.47636
0  0  0
-31.2165  2.13919  8.87683
0  0  0
0  0  0
-29.4672  1.94718  8.34886
0  0  0
-28.5513  1.89979  8.07398
0  0  0
0  0  0
0  0  0
-32.9945  2.22448  9.36053
0  0  0
-30.9675  2.11227  8.79739
0  0  0
0  0  0
-29.3622  1.93355  8.30944
0  0  0
0  0  0
-31.0484  2.0708  8.81119
0  0  0
-29.5183  1.97955  8.36903
0  0  0
0  0  0
0  0  0
-33.3896  2.24888  9.49955
0  0  0
-31.2197  2.1219  8.89399
0  0  0
-26.8345  1.74931  7.58795
0  0  0
0  0  0
0  0  0
-32.1617  2.13714  9.10266
0  0  0
-30.4422  2.04723  8.6207
0  0  0
0  0  0
0  0  0
-33.7702  2.27011  9.60008
0  0  0
-31.4688  2.1329  8.95852
0  0  0
-26.9658  1.75148  7.61954
0  0  0
0  0  0
0  0  0
-32.2272  2.13517  9.1147
0  0  0
-30.4905  2.04427  8.62772
0  0  0
0  0  0
0  0  0
-33.8009  2.26746  9.6014
0  0  0
-31.4949  2.13086  8.95886
0  0  0
-26.9859  1.75047  7.61924
0  0  0
0  0  0
0  0  0
-32.2463  2.13546  9.11323
0  0  0
-30.5066  2.04593  8.62636
0  0  0
0  0  0
0  0  0
-33.8178  2.27032  9.60017
0  0  0
-31.5087  2.13546  8.95815
0  0  0
-26.9955  1.75587  7.61884
0  0  0
0  0  0
0  0  0
-32.255  2.14122  9.11272
0  0  0
-30.5149  2.05355  8.62716
0  0  0
0  0  0
0  0  0
-33.8237  2.27773  9.60114
0  0  0
-31.5119  2.14453  8.96004
0  0  0
-26.9958  1.76486  7.62078
0  0  0
0  0  0
0  0  0
-32.2517  2.14924  9.11494
0  0  0
-30.5115  2.06282  8.63051
0  0  0
0  0  0
0  0  0
-33.8155  2.28547  9.60466
0  0  0
-31.5044  2.15301  8.9645
0  0  0
-26.9878  1.77247  7.62488
0  0  0
0  0  0
0  0  0
-32.2403  2.15518  9.11966
0  0  0
-30.5006  2.06888  8.63579
0  0  0
0  0  0
0  0  0
-33.8004  2.28959  9.60997
0  0  0
-31.4905  2.15664  8.96995
0  0  0
-26.9758  1.77492  7.62954
0  0  0
0  0  0
0  0  0
-32.2254  2.15609  9.12487
0  0  0
-30.4861  2.0687  8.64051
0  0  0
0  0  0
-29.1673  1.9189  8.23433
0  0  0
0  0  0
-30.9557  2.06752  8.76364
0  0  0
-29.4668  1.98324  8.3356
0  0  0
0  0  0
0  0  0
-33.3857  2.25842  9.47841
0  0  0
-31.2198  2.1365  8.87818
0  0  0
0  0  0
-29.4699  1.94501  8.34993
0  0  0
-28.5549  1.89769  8.07509
0  0  0
0  0  0
0  0  0
-32.9995  2.22293  9.36185
0  0  0
-30.9735  2.11094  8.79876
0  0  0
0  0  0
-29.365  1.93261  8.31008
0  0  0
0  0  0
-31.0521  2.0702  8.81202
0  0  0
-29.5213  1.97923  8.36976
0  0  0
0  0  0
0  0  0
-33.3942  2.249  9.50071
0  0  0
-31.2241  2.12246  8.89529
0  0  0
-26.8382  1.75016  7.58918
0  0  0
0  0  0
0  0  0
-32.1646  2.13817  9.10388
0  0  0
-30.4451  2.04876  8.6222
0  0  0
0  0  0
0  0  0
-33.7724  2.2717  9.60163
0  0  0
-31.4709  2.13501  8.9604
0  0  0
-26.9674  1.75367  7.62131
0  0  0
0  0  0
0  0  0
-32.2279  2.1372  9.11667
0  0  0
-30.4909  2.04676  8.63
0  0  0
0  0  0
0  0  0
-33.8008  2.26967  9.60399
0  0  0
-31.4938  2.13339  8.96144
0  0  0
-26.983  1.75275  7.62124
0  0  0
0  0  0
0  0  0
-32.243  2.13732  9.1158
0  0  0
-30.504  2.04796  8.62921
0  0  0
0  0  0
0  0  0
-33.8143  2.27183  9.60321
0  0  0
-31.5055  2.13698  8.96129
0  0  0
-26.9923  1.75706  7.62148
0  0  0
0  0  0
0  0  0
-32.2505  2.14193  9.11572
0  0  0
-30.5119  2.05413  8.63033
0  0  0
0  0  0
0  0  0
-33.8184  2.2778  9.60414
0  0  0
-31.5085  2.14435  8.96309
0  0  0
-26.993  1.76441  7.62337
0  0  0
0  0  0
0  0  0
-32.2486  2.14853  9.11794
0  0  0
-30.5081  2.06171  8.63307
0  0  0
0  0  0
0  0  0
-33.8128  2.28421  9.60748
0  0  0
-31.5026  2.15139  8.9671
0  0  0
-26.987  1.77076  7.62709
0  0  0
0  0  0
0  0  0
-32.2392  2.1535  9.1221
0  0  0
-30.4991  2.0668  8.6377
0  0  0
0  0  0
-29.1794  1.91824  8.23172
0  0  0
0  0  0
-30.9686  2.06794  8.76107
0  0  0
-29.4785  1.98483  8.3334
0  0  0
0  0  0
0  0  0
-33.3962  2.26084  9.47571
0  0  0
-31.2302  2.14038  8.87654
0  0  0
0  0  0
-29.4775  1.94913  8.34836
0  0  0
-28.5609  1.90298  8.07402
0  0  0
0  0  0
0  0  0
-33.0044  2.2283  9.36074
0  0  0
-30.9768  2.11763  8.79851
0  0  0
0  0  0
-29.3683  1.93884  8.31043
0  0  0
0  0  0
-31.0526  2.07669  8.8126
0  0  0
-29.5214  1.9866  8.37116
0  0  0
0  0  0
0  0  0
-33.3901  2.25534  9.50192
0  0  0
-31.2193  2.12953  8.89721
0  0  0
-26.8315  1.75657  7.59074
0  0  0
0  0  0
0  0  0
-32.1567  2.14338  9.10613
0  0  0
-30.4379  2.05423  8.62512
0  0  0
0  0  0
0  0  0
-33.7611  2.27565  9.60439
0  0  0
-31.4603  2.13872  8.96334
0  0  0
-26.9585  1.7565  7.62401
0  0  0
0  0  0
0  0  0
-32.2149  2.13871  9.11936
0  0  0
-30.4794  2.04756  8.63271
0  0  0
0  0  0
0  0  0
-33.789  2.26937  9.60701
0  0  0
-31.4835  2.13207  8.96405
0  0  0
-26.9756  1.75073  7.62351
0  0  0
0  0  0
0  0  0
-32.2347  2.1347  9.11821
0  0  0
-30.4972  2.0442  8.63108
0  0  0
0  0  0
0  0  0
-33.8074  2.26782  9.60495
0  0  0
-31.5004  2.13179  8.96232
0  0  0
-26.9899  1.75171  7.62228
0  0  0
0  0  0
0  0  0
-32.2499  2.13688  9.11663
0  0  0
-30.51  2.04801  8.63002
0  0  0
0  0  0
0  0  0
-33.8201  2.27239  9.60404
0  0  0
-31.5111  2.1382  8.96238
0  0  0
-26.9959  1.75861  7.62239
0  0  0
0  0  0
0  0  0
-32.2551  2.14375  9.11708
0  0  0
-30.5144  2.05658  8.63165
0  0  0
0  0  0
0  0  0
-33.8211  2.28027  9.60585
0  0  0
-31.5107  2.14751  8.96522
0  0  0
-26.995  1.76764  7.62551
0  0  0
0  0  0
0  0  0
-32.2487  2.15147  9.12017
0  0  0
-30.5084  2.06526  8.63582
0  0  0
0  0  0
-29.1878  1.91758  8.22988
0  0  0
0  0  0
-30.9768  2.06799  8.7591
0  0  0
-29.4873  1.98574  8.33205
0  0  0
0  0  0
0  0  0
-33.4051  2.26243  9.47416
0  0  0
-31.2377  2.14297  8.87543
0  0  0
0  0  0
-29.4841  1.95198  8.34753
0  0  0
-28.5665  1.90671  8.07354
0  0  0
0  0  0
0  0  0
-33.0091  2.23214  9.3603
0  0  0
-30.9796  2.12247  8.79855
0  0  0
0  0  0
-29.3695  1.94327  8.31048
0  0  0
0  0  0
-31.0527  2.08133  8.81298
0  0  0
-29.5205  1.99183  8.37198
0  0  0
0  0  0
0  0  0
-33.3875  2.25987  9.5029
0  0  0
-31.2161  2.13459  8.89868
0  0  0
-26.8287  1.76126  7.59235
0  0  0
0  0  0
0  0  0
-32.1509  2.14716  9.10771
0  0  0
-30.4307  2.05811  8.62676
0  0  0
0  0  0
0  0  0
-33.7534  2.27852  9.60649
0  0  0
-31.4529  2.14141  8.96557
0  0  0
-26.9513  1.75851  7.62583
0  0  0
0  0  0
0  0  0
-32.2076  2.1399  9.1218
0  0  0
-30.4722  2.04826  8.6349
0  0  0
0  0  0
0  0  0
-33.7802  2.26925  9.60917
0  0  0
-31.4758  2.13126  8.96598
0  0  0
-26.9703  1.74943  7.6252
0  0  0
0  0  0
0  0  0
-32.2277  2.13289  9.11986
0  0  0
-30.4921  2.04161  8.63254
0  0  0
0  0  0
0  0  0
-33.8025  2.26502  9.6063
0  0  0
-31.4967  2.12816  8.96321
0  0  0
-26.9866  1.74786  7.62256
0  0  0
0  0  0
0  0  0
-32.2486  2.13324  9.1173
0  0  0
-30.5103  2.04369  8.63032
0  0  0
0  0  0
0  0  0
-33.821  2.26852  9.6041
0  0  0
-31.5128  2.1338  8.96197
0  0  0
-26.9987  1.7545  7.62195
0  0  0
0  0  0
0  0  0
-32.2592  2.1403  9.11649
0  0  0
-30.5206  2.053  8.63114
0  0  0
0  0  0
0  0  0
-33.8266  2.27748  9.60474
0  0  0
-31.5164  2.14475  8.96394
0  0  0
-26.9993  1.76538  7.62418
0  0  0
0  0  0
0  0  0
-32.2559  2.15003  9.11901
0  0  0
-30.5149  2.06413  8.6346
0  0  0
0  0  0
-29.194  1.91709  8.22875
0  0  0
0  0  0
-30.983  2.06803  8.75788
0  0  0
-29.4933  1.98636  8.33108
0  0  0
0  0  0
0  0  0
-33.4115  2.26355  9.47322
0  0  0
-31.2429  2.14479  8.87474
0  0  0
0  0  0
-29.4884  1.95397  8.34697
0  0  0
-28.5702  1.90932  8.07328
0  0  0
0  0  0
0  0  0
-33.012  2.23481  9.35998
0  0  0
-30.9817  2.12586  8.79861
0  0  0
0  0  0
-29.3713  1.94643  8.31088
0  0  0
0  0  0
-31.0525  2.0846  8.81329
0  0  0
-29.5199  1.99553  8.37269
0  0  0
0  0  0
0  0  0
-33.3857  2.26309  9.50369
0  0  0
-31.2139  2.13819  8.89983
0  0  0
-26.8262  1.76457  7.59346
0  0  0
0  0  0
0  0  0
-32.1462  2.14979  9.10882
0  0  0
-30.4273  2.06092  8.6284
0  0  0
0  0  0
0  0  0
-33.7479  2.28057  9.60806
0  0  0
-31.4476  2.14334  8.9672
0  0  0
-26.9464  1.75998  7.62722
0  0  0
0  0  0
0  0  0
-32.201  2.14069  9.12325
0  0  0
-30.4669  2.04875  8.63656
0  0  0
0  0  0
0  0  0
-33.7743  2.26916  9.61086
0  0  0
-31.4706  2.13066  8.96749
0  0  0
-26.9662  1.74847  7.62641
0  0  0
0  0  0
0  0  0
-32.2227  2.13159  9.12111
0  0  0
-30.4882  2.03974  8.63359
0  0  0
0  0  0
-29.1776  1.89367  8.22751
0  0  0
0  0  0
-30.9729  2.04251  8.75474
0  0  0
0  0  0
-31.9243  2.12542  9.05905
0  0  0
-30.0785  2.00835  8.52883
0  0  0
0  0  0
-29.0245  1.88309  8.19426
0  0  0
0  0  0
-30.8865  2.03865  8.74077
0  0  0
-29.4335  1.95582  8.31979
0  0  0
0  0  0
0  0  0
-33.3906  2.23766  9.47017
0  0  0
-31.2351  2.11577  8.8706
0  0  0
-26.8598  1.74885  7.57216
0  0  0
0  0  0
0  0  0
-32.2035  2.14193  9.08831
0  0  0
0  0  0
-32.7731  2.21231  9.30758
0  0  0
-30.6001  2.07045  8.68997
0  0  0
-26.5708  1.72887  7.48862
0  0  0
0  0  0
0  0  0
0  0  0
-36.8587  2.53239  10.5064
0  0  0
-33.3709  2.31908  9.55088
0  0  0
-27.901  1.84844  7.93131
0  0  0
-25.0635  1.5903  7.05681
0  0  0
0  0  0
0  0  0
0  0  0
-36.2467  2.47821  10.3141
0  0  0
-32.9854  2.28177  9.41971
0  0  0
-27.7137  1.82991  7.8596
0  0  0
0  0  0
-27.8784  1.79366  7.85635
0  0  0
0  0  0
-30.2628  1.99721  8.54462
0  0  0
0  0  0
-31.5406  2.10978  8.93827
0  0  0
-29.8386  2.00741  8.4507
0  0  0
0  0  0
-28.9229  1.89326  8.15684
0  0  0
0  0  0
-30.8281  2.05446  8.71745
0  0  0
-29.3934  1.97628  8.30506
0  0  0
0  0  0
0  0  0
-33.3656  2.25736  9.46148
0  0  0
-31.2111  2.13854  8.86598
0  0  0
0  0  0
-29.4742  1.94934  8.34264
0  0  0
-28.5604  1.90421  8.06952
0  0  0
0  0  0
0  0  0
-33.0083  2.23031  9.35721
0  0  0
-30.9796  2.1206  8.79562
0  0  0
0  0  0
-29.3713  1.94192  8.30811
0  0  0
0  0  0
-31.0568  2.08029  8.81082
0  0  0
-29.5224  1.99084  8.36941
0  0  0
0  0  0
0  0  0
-33.391  2.25932  9.50031
0  0  0
-31.219  2.13421  8.89616
0  0  0
-26.8311  1.76114  7.5902
0  0  0
0  0  0
0  0  0
-32.1543  2.14736  9.10534
0  0  0
-30.433  2.05853  8.62436
0  0  0
0  0  0
0  0  0
-33.7565  2.2792  9.6041
0  0  0
-31.4551  2.14238  8.96334
0  0  0
-26.9537  1.75966  7.62416
0  0  0
0  0  0
0  0  0
-32.2093  2.14109  9.11967
0  0  0
-30.4727  2.04974  8.63289
0  0  0
0  0  0
0  0  0
-33.7813  2.2707  9.60722
0  0  0
-31.476  2.13295  8.96423
0  0  0
-26.9699  1.75108  7.62369
0  0  0
0  0  0
0  0  0
-32.228  2.13443  9.11845
0  0  0
-30.4919  2.04334  8.63128
0  0  0
0  0  0
0  0  0
-33.801  2.26647  9.60477
0  0  0
-31.4947  2.12967  8.96183
0  0  0
-26.985  1.74921  7.62149
0  0  0
0  0  0
0  0  0
-32.2468  2.13433  9.11616
0  0  0
-30.5078  2.0447  8.62912
0  0  0
0  0  0
0  0  0
-33.8183  2.26922  9.60287
0  0  0
-31.5099  2.13432  8.96075
0  0  0
-26.9967  1.75484  7.62107
0  0  0
0  0  0
0  0  0
-32.2573  2.14042  9.11546
0  0  0
-30.5165  2.05277  8.62958
0  0  0
0  0  0
0  0  0
-33.8243  2.2771  9.60347
0  0  0
-31.514  2.14404  8.96253
0  0  0
-26.9984  1.76457  7.62314
0  0  0
0  0  0
0  0  0
-32.2549  2.14917  9.11767
0  0  0
-30.5127  2.06289  8.63283
0  0  0
0  0  0
0  0  0
-33.8169  2.28565  9.60716
0  0  0
-31.5061  2.15345  8.96718
0  0  0
-26.9898  1.77304  7.62734
0  0  0
0  0  0
0  0  0
-32.2414  2.15577  9.12237
0  0  0
-30.5005  2.06966  8.63823
0  0  0
0  0  0
-29.18  1.92086  8.23227
0  0  0
0  0  0
-30.9685  2.07068  8.76188
0  0  0
-29.4784  1.98795  8.33462
0  0  0
0  0  0
0  0  0
-33.3943  2.26351  9.47693
0  0  0
-31.2284  2.14338  8.87809
0  0  0
0  0  0
-29.4756  1.9516  8.3499
0  0  0
-28.5584  1.90551  8.07564
0  0  0
0  0  0
0  0  0
-32.9998  2.23024  9.36242
0  0  0
-30.9714  2.11951  8.80009
0  0  0
0  0  0
-29.3641  1.94017  8.31215
0  0  0
0  0  0
-31.0494  2.07775  8.81475
0  0  0
-29.5164  1.98732  8.37281
0  0  0
0  0  0
-28.7622  1.88479  8.12342
0  0  0
0  0  0
-30.7226  2.04707  8.69868
0  0  0
0  0  0
-31.7685  2.13558  9.03089
0  0  0
-29.9632  2.02059  8.51271
0  0  0
0  0  0
-28.9513  1.89385  8.18999
0  0  0
0  0  0
-30.8235  2.04755  8.74117
0  0  0
-29.3778  1.96253  8.32168
0  0  0
0  0  0
0  0  0
-33.3368  2.24009  9.47456
0  0  0
-31.1855  2.11454  8.87419
0  0  0
-26.8206  1.74442  7.57503
0  0  0
0  0  0
0  0  0
0  0  0
-36.933  2.52662  10.5475
0  0  0
-33.4098  2.30337  9.57621
0  0  0
-27.914  1.82806  7.94403
0  0  0
-25.0673  1.56778  7.06364
0  0  0
0  0  0
0  0  0
0  0  0
-36.2414  2.45371  10.3171
0  0  0
-32.9838  2.25139  9.41783
0  0  0
-27.7181  1.80035  7.85638
0  0  0
0  0  0
-27.8895  1.76793  7.853
0  0  0
0  0  0
-30.2797  1.97106  8.5387
0  0  0
0  0  0
-31.5637  2.08426  8.93006
0  0  0
-29.8662  1.98089  8.44113
0  0  0
0  0  0
-28.9553  1.87196  8.14745
0  0  0
0  0  0
-30.8663  2.03525  8.70612
0  0  0
0  0  0
-31.8843  2.12745  9.02934
0  0  0
-30.0633  2.01691  8.50914
0  0  0
0  0  0
-29.0319  1.89533  8.18324
0  0  0
0  0  0
-30.8988  2.05468  8.73312
0  0  0
-29.4469  1.97665  8.31619
0  0  0
0  0  0
0  0  0
-33.4015  2.2583  9.46777
0  0  0
-31.2411  2.14119  8.87157
0  0  0
-26.8608  1.77428  7.57457
0  0  0
0  0  0
0  0  0
0  0  0
-36.97  2.5581  10.5467
0  0  0
-33.4356  2.34427  9.58133
0  0  0
-27.9274  1.86858  7.95051
0  0  0
-25.0676  1.60692  7.06955
0  0  0
0  0  0
0  0  0
0  0  0
-36.229  2.49121  10.3274
0  0  0
-32.9667  2.29497  9.43311
0  0  0
-27.6943  1.84045  7.87046
0  0  0
-24.9568  1.59038  7.02526
0  0  0
0  0  0
0  0  0
0  0  0
-36.194  2.48242  10.2974
0  0  0
-32.9461  2.28716  9.40786
0  0  0
-27.6873  1.83507  7.85191
0  0  0
0  0  0
-27.8617  1.79794  7.85145
0  0  0
0  0  0
-30.2463  2.00078  8.54015
0  0  0
0  0  0
-31.5238  2.11228  8.93387
0  0  0
-29.8224  2.00885  8.44641
0  0  0
0  0  0
0  0  0
-33.5338  2.26439  9.53287
0  0  0
-31.3164  2.13741  8.91697
0  0  0
-26.887  1.76272  7.60046
0  0  0
0  0  0
0  0  0
-32.1894  2.14834  9.10896
0  0  0
-30.4624  2.06073  8.62711
0  0  0
0  0  0
0  0  0
-33.778  2.28222  9.60479
0  0  0
-31.4732  2.14719  8.96447
0  0  0
-26.9652  1.76523  7.62487
0  0  0
0  0  0
0  0  0
-32.2211  2.14712  9.12069
0  0  0
-30.4828  2.05775  8.63493
0  0  0
0  0  0
0  0  0
-33.7875  2.27845  9.60923
0  0  0
-31.4806  2.14255  8.96741
0  0  0
-26.9696  1.76055  7.6264
0  0  0
0  0  0
0  0  0
-32.2264  2.14301  9.12201
0  0  0
-30.4874  2.0532  8.63553
0  0  0
0  0  0
-29.1738  1.9055  8.22968
0  0  0
0  0  0
-30.9656  2.05431  8.75778
0  0  0
0  0  0
-31.9157  2.13693  9.06341
0  0  0
-30.0662  2.02024  8.53334
0  0  0
0  0  0
-29.0109  1.89266  8.19888
0  0  0
0  0  0
-30.8693  2.04725  8.74597
0  0  0
-29.4156  1.96401  8.32521
0  0  0
0  0  0
0  0  0
-33.3682  2.24326  9.47619
0  0  0
-31.2153  2.12057  8.87697
0  0  0
-26.8422  1.75196  7.57752
0  0  0
0  0  0
0  0  0
-32.1819  2.14287  9.09428
0  0  0
-30.4617  2.05658  8.61476
0  0  0
0  0  0
0  0  0
-33.7905  2.28081  9.59477
0  0  0
-31.4852  2.14728  8.9555
0  0  0
-26.976  1.76673  7.61781
0  0  0
0  0  0
0  0  0
-32.235  2.14993  9.11303
0  0  0
-30.4939  2.06219  8.62808
0  0  0
0  0  0
0  0  0
-33.7993  2.28362  9.60226
0  0  0
-31.49  2.14948  8.9617
0  0  0
-26.9763  1.76802  7.62204
0  0  0
0  0  0
0  0  0
-32.2308  2.1503  9.11677
0  0  0
-30.4907  2.0621  8.6316
0  0  0
0  0  0
0  0  0
-33.7947  2.28298  9.60577
0  0  0
-31.4855  2.14827  8.96473
0  0  0
-26.9729  1.76646  7.6245
0  0  0
0  0  0
0  0  0
-32.2268  2.1485  9.11942
0  0  0
-30.4885  2.05976  8.63413
0  0  0
0  0  0
0  0  0
-33.7918  2.28058  9.60819
0  0  0
-31.4839  2.14533  8.96677
0  0  0
-26.9725  1.76349  7.62616
0  0  0
0  0  0
0  0  0
-32.2271  2.14578  9.12137
0  0  0
-30.4896  2.05664  8.63572
0  0  0
0  0  0
-29.1726  1.9085  8.2294
0  0  0
0  0  0
-30.9648  2.05738  8.75796
0  0  0
0  0  0
-31.9122  2.13987  9.0634
0  0  0
-30.0641  2.02339  8.53399
0  0  0
0  0  0
-29.0085  1.89526  8.19958
0  0  0
0  0  0
-30.8646  2.04959  8.74651
0  0  0
-29.4126  1.96638  8.32631
0  0  0
0  0  0
0  0  0
-33.3626  2.24493  9.47701
0  0  0
-31.2101  2.12209  8.87792
0  0  0
-26.8366  1.75299  7.57805
0  0  0
0  0  0
0  0  0
-32.1766  2.14339  9.09534
0  0  0
-30.4577  2.05677  8.61586
0  0  0
0  0  0
0  0  0
-33.7844  2.28045  9.59557
0  0  0
-31.4804  2.14641  8.95622
0  0  0
-26.9721  1.76553  7.61824
0  0  0
0  0  0
0  0  0
-32.2319  2.14854  9.11376
0  0  0
-30.4915  2.06025  8.62854
0  0  0
0  0  0
0  0  0
-33.7966  2.2816  9.60252
0  0  0
-31.4879  2.14691  8.96163
0  0  0
-26.9757  1.76542  7.62197
0  0  0
0  0  0
0  0  0
-32.2302  2.14786  9.1165
0  0  0
-30.4908  2.05922  8.63112
0  0  0
0  0  0
0  0  0
-33.7958  2.28047  9.60519
0  0  0
-31.487  2.14543  8.9638
0  0  0
-26.975  1.76385  7.62368
0  0  0
0  0  0
0  0  0
-32.2299  2.14637  9.11852
0  0  0
-30.4914  2.0575  8.63298
0  0  0
0  0  0
0  0  0
-33.7959  2.27889  9.60693
0  0  0
-31.4878  2.14369  8.9654
0  0  0
-26.9766  1.76225  7.62513
0  0  0
0  0  0
0  0  0
-32.2302  2.14494  9.11972
0  0  0
-30.4929  2.05601  8.63423
0  0  0
0  0  0
0  0  0
-33.7983  2.27774  9.60837
0  0  0
-31.4905  2.14259  8.96673
0  0  0
-26.9784  1.76133  7.62608
0  0  0
0  0  0
0  0  0
-32.234  2.14439  9.12123
0  0  0
-30.4948  2.05554  8.63522
0  0  0
0  0  0
-29.1795  1.90812  8.22944
0  0  0
0  0  0
-30.9709  2.05753  8.75785
0  0  0
0  0  0
-31.9199  2.14066  9.06373
0  0  0
-30.0696  2.02483  8.53421
0  0  0
0  0  0
-29.0132  1.89696  8.19988
0  0  0
0  0  0
-30.871  2.05187  8.74748
0  0  0
-29.4156  1.96927  8.32699
0  0  0
0  0  0
0  0  0
-33.3649  2.24781  9.47786
0  0  0
-31.2125  2.12576  8.87942
0  0  0
-26.8388  1.75676  7.57975
0  0  0
0  0  0
0  0  0
-32.176  2.14677  9.09685
0  0  0
-30.4571  2.06079  8.61795
0  0  0
0  0  0
0  0  0
-33.7813  2.28385  9.59758
0  0  0
-31.478  2.15025  8.95886
0  0  0
-26.9707  1.76912  7.62097
0  0  0
0  0  0
0  0  0
-32.2266  2.15135  9.11631
0  0  0
-30.4869  2.06321  8.63142
0  0  0
0  0  0
0  0  0
-33.7911  2.28379  9.60577
0  0  0
-31.4822  2.14899  8.96482
0  0  0
-26.9703  1.76697  7.62465
0  0  0
0  0  0
0  0  0
-32.2237  2.14872  9.11962
0  0  0
-30.4848  2.05971  8.63417
0  0  0
0  0  0
0  0  0
-33.7891  2.28032  9.60837
0  0  0
-31.4814  2.14476  8.96681
0  0  0
-26.9698  1.76273  7.62597
0  0  0
0  0  0
0  0  0
-32.2263  2.14497  9.12161
0  0  0
-30.4869  2.05543  8.63529
0  0  0
0  0  0
0  0  0
-33.7921  2.27669  9.60949
0  0  0
-31.4852  2.14087  8.96756
0  0  0
-26.9753  1.75933  7.62688
0  0  0
0  0  0
0  0  0
-32.23  2.1422  9.12183
0  0  0
-30.4932  2.05277  8.6359
0  0  0
0  0  0
-29.1779  1.90544  8.2298
0  0  0
0  0  0
-30.9698  2.05462  8.75795
0  0  0
0  0  0
-31.9187  2.13755  9.06344
0  0  0
-30.0695  2.02132  8.53365
0  0  0
0  0  0
-29.0142  1.8939  8.19936
0  0  0
0  0  0
-30.8717  2.04876  8.74647
0  0  0
-29.4189  1.96602  8.32623
0  0  0
0  0  0
0  0  0
-33.3706  2.24525  9.47723
0  0  0
-31.2163  2.12304  8.87812
0  0  0
-26.8426  1.75443  7.57858
0  0  0
0  0  0
0  0  0
-32.1815  2.14511  9.09564
0  0  0
-30.4612  2.0592  8.61635
0  0  0
0  0  0
0  0  0
-33.7886  2.28302  9.59645
0  0  0
-31.4833  2.14972  8.95739
0  0  0
-26.9749  1.769  7.61972
0  0  0
0  0  0
0  0  0
-32.231  2.15166  9.11483
0  0  0
-30.4915  2.06403  8.63027
0  0  0
0  0  0
0  0  0
-33.7965  2.28498  9.60478
0  0  0
-31.486  2.15072  8.96393
0  0  0
-26.9736  1.76897  7.62413
0  0  0
0  0  0
0  0  0
-32.2259  2.15074  9.11881
0  0  0
-30.4873  2.06234  8.63388
0  0  0
0  0  0
0  0  0
-33.79  2.28277  9.60801
0  0  0
-31.4818  2.14771  8.96675
0  0  0
-26.9707  1.76567  7.62636
0  0  0
0  0  0
0  0  0
-32.2231  2.14744  9.12129
0  0  0
-30.4852  2.05826  8.6357
0  0  0
0  0  0
0  0  0
-33.7894  2.27902  9.61
0  0  0
-31.4823  2.14335  8.96829
0  0  0
-26.9717  1.76147  7.62736
0  0  0
0  0  0
0  0  0
-32.2267  2.14386  9.12279
0  0  0
-30.4878  2.05427  8.63637
0  0  0
0  0  0
-29.1735  1.90646  8.23045
0  0  0
0  0  0
-30.9647  2.05528  8.75861
0  0  0
-29.4788  1.97033  8.33001
0  0  0
0  0  0
0  0  0
-33.4022  2.24807  9.47197
0  0  0
-31.2358  2.12575  8.87084
0  0  0
0  0  0
-29.4877  1.93698  8.34321
0  0  0
-28.5737  1.89032  8.06825
0  0  0
0  0  0
0  0  0
-33.0228  2.2181  9.35412
0  0  0
-30.9925  2.10702  8.79056
0  0  0
0  0  0
-29.3869  1.931  8.30335
0  0  0
0  0  0
-31.0737  2.07033  8.80487
0  0  0
-29.5406  1.98119  8.36322
0  0  0
0  0  0
0  0  0
-33.4159  2.25265  9.49393
0  0  0
-31.2415  2.12832  8.88936
0  0  0
-26.8504  1.7571  7.58433
0  0  0
0  0  0
0  0  0
-32.1775  2.14572  9.0986
0  0  0
-30.4556  2.05861  8.61836
0  0  0
0  0  0
0  0  0
-33.7795  2.28127  9.59753
0  0  0
-31.4752  2.14667  8.95781
0  0  0
-26.968  1.76527  7.61957
0  0  0
0  0  0
0  0  0
-32.2246  2.14762  9.11454
0  0  0
-30.4858  2.05866  8.62923
0  0  0
0  0  0
0  0  0
-33.7921  2.27975  9.60347
0  0  0
-31.4838  2.14431  8.96208
0  0  0
-26.9718  1.76252  7.6219
0  0  0
0  0  0
0  0  0
-32.2278  2.14502  9.11668
0  0  0
-30.4898  2.05572  8.63099
0  0  0
0  0  0
0  0  0
-33.7956  2.27725  9.60488
0  0  0
-31.4873  2.14165  8.9631
0  0  0
-26.9757  1.7602  7.62284
0  0  0
0  0  0
0  0  0
-32.2323  2.14323  9.11761
0  0  0
-30.4935  2.05398  8.63158
0  0  0
0  0  0
0  0  0
-33.8004  2.27609  9.60565
0  0  0
-31.4923  2.14078  8.96385
0  0  0
-26.9808  1.75976  7.62372
0  0  0
0  0  0
0  0  0
-32.2366  2.14319  9.11832
0  0  0
-30.4984  2.0544  8.63257
0  0  0
0  0  0
0  0  0
-33.8046  2.27683  9.60654
0  0  0
-31.4962  2.14205  8.96499
0  0  0
-26.9838  1.76128  7.62482
0  0  0
0  0  0
0  0  0
-32.2396  2.14483  9.11962
0  0  0
-30.4997  2.05652  8.63388
0  0  0
0  0  0
-29.1835  1.90934  8.22811
0  0  0
0  0  0
-30.9748  2.05915  8.75661
0  0  0
0  0  0
-31.9229  2.14264  9.06258
0  0  0
-30.0718  2.02732  8.53335
0  0  0
0  0  0
-29.0147  1.89934  8.19912
0  0  0
0  0  0
-30.8711  2.05442  8.74669
0  0  0
-29.4167  1.97229  8.32687
0  0  0
0  0  0
0  0  0
-33.3671  2.25066  9.47818
0  0  0
-31.2114  2.12897  8.87951
0  0  0
-26.8365  1.75976  7.57979
0  0  0
0  0  0
0  0  0
-32.1741  2.14937  9.09728
0  0  0
-30.4538  2.06357  8.61836
0  0  0
0  0  0
0  0  0
-33.7786  2.2861  9.59851
0  0  0
-31.4738  2.15248  8.95957
0  0  0
-26.9653  1.77088  7.62128
0  0  0
0  0  0
0  0  0
-32.2217  2.15256  9.11705
0  0  0
-30.4828  2.06426  8.63239
0  0  0
0  0  0
0  0  0
-33.7857  2.28425  9.60663
0  0  0
-31.4773  2.14906  8.96553
0  0  0
-26.9669  1.76672  7.62536
0  0  0
0  0  0
0  0  0
-32.2196  2.14809  9.12033
0  0  0
-30.4805  2.05859  8.63451
0  0  0
0  0  0
0  0  0
-33.7853  2.27897  9.60885
0  0  0
-31.4782  2.14289  8.96697
0  0  0
-26.968  1.7607  7.62607
0  0  0
0  0  0
0  0  0
-32.2237  2.14292  9.12147
0  0  0
-30.4858  2.0529  8.63507
0  0  0
0  0  0
0  0  0
-33.7918  2.27436  9.60919
0  0  0
-31.4853  2.13813  8.96695
0  0  0
-26.9764  1.75671  7.62632
0  0  0
0  0  0
0  0  0
-32.2312  2.1399  9.12098
0  0  0
-30.4951  2.05022  8.63486
0  0  0
0  0  0
-29.1802  1.90334  8.22878
0  0  0
0  0  0
-30.9728  2.05268  8.75674
0  0  0
0  0  0
-31.9222  2.13584  9.06212
0  0  0
-30.0737  2.01975  8.53248
0  0  0
0  0  0
-29.0171  1.89274  8.19791
0  0  0
0  0  0
-30.8763  2.04794  8.74522
0  0  0
-29.4226  1.96542  8.32483
0  0  0
0  0  0
0  0  0
-33.3745  2.24508  9.47567
0  0  0
-31.2205  2.12322  8.87684
0  0  0
-26.8456  1.75489  7.57749
0  0  0
0  0  0
0  0  0
-32.1848  2.14584  9.09432
0  0  0
-30.465  2.06041  8.61548
0  0  0
0  0  0
0  0  0
-33.7902  2.28428  9.5951
0  0  0
-31.4858  2.15147  8.95665
0  0  0
-26.9761  1.77085  7.61907
0  0  0
0  0  0
0  0  0
-32.2326  2.15349  9.11421
0  0  0
-30.4923  2.06625  8.62993
0  0  0
0  0  0
0  0  0
-33.796  2.28697  9.60427
0  0  0
-31.4856  2.15304  8.96382
0  0  0
-26.9729  1.77118  7.62412
0  0  0
0  0  0
0  0  0
-32.2246  2.15265  9.11888
0  0  0
-30.4852  2.0644  8.63399
0  0  0
0  0  0
0  0  0
-33.7874  2.28442  9.60821
0  0  0
-31.4789  2.14939  8.9671
0  0  0
-26.9674  1.76705  7.62654
0  0  0
0  0  0
0  0  0
-32.2199  2.14844  9.12172
0  0  0
-30.4816  2.05911  8.6361
0  0  0
0  0  0
0  0  0
-33.7858  2.27947  9.61044
0  0  0
-31.4789  2.14355  8.96862
0  0  0
-26.9683  1.76136  7.62751
0  0  0
0  0  0
0  0  0
-32.2233  2.14349  9.12306
0  0  0
-30.4855  2.0536  8.63676
0  0  0
0  0  0
-29.171  1.90563  8.23062
0  0  0
0  0  0
-30.9638  2.05428  8.75896
0  0  0
0  0  0
-31.9124  2.13663  9.06429
0  0  0
-30.0646  2.01977  8.53442
0  0  0
0  0  0
-29.0093  1.89207  8.1998
0  0  0
0  0  0
-30.8674  2.04649  8.7468
0  0  0
-29.4149  1.96306  8.32614
0  0  0
0  0  0
0  0  0
-33.3662  2.24223  9.4768
0  0  0
-31.2145  2.11933  8.87766
0  0  0
-26.8411  1.75065  7.57782
0  0  0
0  0  0
0  0  0
-32.1827  2.14172  9.09509
0  0  0
-30.4622  2.05524  8.61525
0  0  0
0  0  0
0  0  0
-33.7905  2.2796  9.59504
0  0  0
-31.4862  2.14596  8.9558
0  0  0
-26.978  1.76558  7.61822
0  0  0
0  0  0
0  0  0
-32.2366  2.14899  9.11331
0  0  0
-30.4962  2.06126  8.62836
0  0  0
0  0  0
0  0  0
-33.8023  2.28299  9.60266
0  0  0
-31.4918  2.14891  8.96178
0  0  0
